0.000000000000000000e+00,9.584533758376623247e-01,1.000000000000000000e+00,9.856909048241964122e-01,9.453869821128770834e-01,9.347616402575427141e-01,1.000000000000000000e+00,1.000000000000000000e+00,8.730408209702436029e-01,9.878121262645478406e-01,9.728136376086481407e-01,8.925569381299492955e-01,8.276719126289341366e-01,9.606352089188892052e-01,1.000000000000000000e+00,1.000000000000000000e+00,1.000000000000000000e+00,9.621132384787959291e-01,1.000000000000000000e+00,1.000000000000000000e+00,9.878714350045167958e-01,9.881002964179244064e-01,9.855932306856967084e-01,1.000000000000000000e+00,9.863231676689629968e-01,1.000000000000000000e+00,9.589695030068891013e-01,9.272286100271004416e-01,1.000000000000000000e+00,9.740500351946158597e-01,9.858804376318773821e-01,9.746081641940487206e-01,1.000000000000000000e+00,1.000000000000000000e+00,9.489440279288344771e-01,9.862379529359205366e-01,9.517195450414732694e-01,9.354825282384363616e-01,9.744720139644171830e-01,9.747421589858639157e-01,9.757428700090334805e-01,9.875019526673555204e-01,9.723022505584415498e-01,8.539172762259937821e-01,9.500078106694220814e-01,8.125292900103325833e-01,1.000000000000000000e+00,6.952979703285846469e-01,9.347616402575427141e-01,8.108453501427625998e-01,8.716682494151636318e-01,7.935440903629963350e-01,9.361800349110430686e-01,9.375097633367774907e-01,9.510077554708665781e-01,9.864068188043241259e-01,1.000000000000000000e+00,9.857866189096259335e-01,1.000000000000000000e+00,9.719448454614378896e-01,9.449518117436819242e-01,1.000000000000000000e+00,9.717608752637547642e-01,9.246221638555590649e-01,9.311897646796024608e-01,8.730408209702436029e-01,9.576413128956321463e-01,9.713818096483928244e-01,9.851815258508537232e-01,9.709870573407169969e-01,9.619122462910730809e-01,9.876288396829132621e-01,9.623110819277795880e-01,9.514857400180669611e-01,9.340160347945920538e-01,9.626976451523504563e-01,9.632558166031499614e-01,9.519500019895702492e-01,9.246221638555590649e-01,9.751317634349002672e-01,9.431464756385038450e-01,9.872360069822085915e-01,6.891470429362538397e-01,9.626976451523504563e-01,7.858053355226390924e-01,8.989686359434556628e-01,5.696510526907072602e-01,8.375253846756215426e-01,8.539937348694778274e-01,7.739056319405633877e-01
9.584533758376623247e-01,0.000000000000000000e+00,9.622634045930029689e-01,1.000000000000000000e+00,7.504114818619952443e-01,1.000000000000000000e+00,8.572634626036614858e-01,8.853479927548761896e-01,8.491428565599047351e-01,8.106194864751032902e-01,9.875754826132393527e-01,8.895185613684468695e-01,9.549964839629589974e-01,8.920587041017937757e-01,9.363044404193756609e-01,9.056469930783965783e-01,9.056469930783965783e-01,9.653705250837092411e-01,9.876505559131500966e-01,8.946547371033053420e-01,8.337126926063771482e-01,8.586037414628325815e-01,9.868318421379131955e-01,8.096842683749634340e-01,8.999921865843534263e-01,1.000000000000000000e+00,8.749902332304417829e-01,8.004552311276526000e-01,8.814053221725299814e-01,9.407026610862649907e-01,9.741887133540165777e-01,8.955604391568571243e-01,9.473273685516526710e-01,8.946547371033053420e-01,9.650001458324218850e-01,8.867902137790087957e-01,7.572873200976216745e-01,8.112939861567931565e-01,8.483339652738280945e-01,8.153094671131156934e-01,8.004552311276526000e-01,6.915645048762626423e-01,8.734177215189873333e-01,9.332383157662585971e-01,8.629175577227834459e-01,9.314587788613917230e-01,9.023736666263546535e-01,8.607472522091428324e-01,9.522963684079043256e-01,8.888550032183508698e-01,9.882701477787853017e-01,9.528234965391982891e-01,9.300002916648437701e-01,8.172234102970445946e-01,9.440247848161656963e-01,8.384812739721114738e-01,1.000000000000000000e+00,9.740172079015347872e-01,9.374951166152208915e-01,9.487137336970825618e-01,9.371056743216715779e-01,9.030578769545455353e-01,1.000000000000000000e+00,1.000000000000000000e+00,9.874211348643343600e-01,9.651868130522857081e-01,9.870943566770082889e-01,9.346055940690548569e-01,1.000000000000000000e+00,9.602221357912135158e-01,8.027252739629523459e-01,8.303866171118103878e-01,8.047910348257841795e-01,7.893694106347444173e-01,8.190668737934300170e-01,8.067932309858940609e-01,8.432693974852639718e-01,8.682431962495337219e-01,9.425855984781718044e-01,8.863489594034671404e-01,1.000000000000000000e+00,9.883333819441406654e-01,8.863489594034671404e-01,7.840630228665874668e-01,8.694803767349224000e-01,9.191978918619880812e-01,8.405337791640391520e-01,8.286469471534793074e-01,9.757357303091023226e-01,8.912336472791020370e-01
1.000000000000000000e+00,9.622634045930029689e-01,0.000000000000000000e+00,9.870031188772491193e-01,1.000000000000000000e+00,9.525954536860022914e-01,1.000000000000000000e+00,1.000000000000000000e+00,8.039621182938618826e-01,9.889298139307488578e-01,1.000000000000000000e+00,9.146087436170033946e-01,7.987538820250189575e-01,1.000000000000000000e+00,1.000000000000000000e+00,1.000000000000000000e+00,1.000000000000000000e+00,9.770584266129438422e-01,1.000000000000000000e+00,1.000000000000000000e+00,1.000000000000000000e+00,1.000000000000000000e+00,9.869144019352447117e-01,1.000000000000000000e+00,9.627322003750035107e-01,1.000000000000000000e+00,1.000000000000000000e+00,1.000000000000000000e+00,1.000000000000000000e+00,9.764297739604483883e-01,1.000000000000000000e+00,1.000000000000000000e+00,1.000000000000000000e+00,1.000000000000000000e+00,9.304391656359747298e-01,1.000000000000000000e+00,9.122941980692971242e-01,9.062385538123008955e-01,9.304391656359747298e-01,9.770584266129438422e-01,9.449184188450960864e-01,9.772961695406749971e-01,1.000000000000000000e+00,8.009706653371467810e-01,9.432404238516874928e-01,7.389059497177625779e-01,1.000000000000000000e+00,7.001773573906123760e-01,8.459352244795074194e-01,8.281917572141643813e-01,8.484679686609489790e-01,6.952752998899780490e-01,9.768130552119915766e-01,1.000000000000000000e+00,9.221260220892526505e-01,9.876533800418800801e-01,9.875774001250011702e-01,9.741801110252839013e-01,1.000000000000000000e+00,1.000000000000000000e+00,9.499999999999999556e-01,1.000000000000000000e+00,9.871752705989356169e-01,9.657673401559271342e-01,9.375000000000000000e-01,9.077468791971115003e-01,9.871752705989356169e-01,9.740062377544982386e-01,9.327022622427293408e-01,9.736476861652635373e-01,9.884683598996388820e-01,1.000000000000000000e+00,9.771782267706180525e-01,9.559347350760768469e-01,9.041073397029231185e-01,9.774123024273687621e-01,9.555005840510015780e-01,8.908910548820038189e-01,8.973020204677812917e-01,9.887061512136843255e-01,9.354502775632097533e-01,1.000000000000000000e+00,6.498906876242152020e-01,9.774123024273687621e-01,7.297889367705518993e-01,8.738213463711910212e-01,6.302450135562740474e-01,8.864808477033750966e-01,9.638317883372190531e-01,7.081720517121961045e-01
9.856909048241964122e-01,1.000000000000000000e+00,9.870031188772491193e-01,0.000000000000000000e+00,8.659009713733448743e-01,1.000000000000000000e+00,9.773107841739624435e-01,9.736750936753671981e-01,8.081595449155326571e-01,9.309386116725804072e-01,9.871625958509225862e-01,9.365817138210198456e-01,8.488780696330349151e-01,9.628238802177542244e-01,9.341877341884179398e-01,9.390696815000634246e-01,9.634418089000380547e-01,9.880732439167826398e-01,1.000000000000000000e+00,9.455769720103281983e-01,8.854577980282490879e-01,9.213334161026660585e-01,1.000000000000000000e+00,9.537317104703216808e-01,9.354179784756559979e-01,1.000000000000000000e+00,9.095851698659183082e-01,8.396409172395487008e-01,9.509856918604128184e-01,9.632392688953096416e-01,9.733309626468668041e-01,9.640299146716623246e-01,9.863942430025820496e-01,9.727884860051640992e-01,9.397284069980932353e-01,9.090218321407436131e-01,8.746107930384229290e-01,8.293951082001775887e-01,8.794568139961863595e-01,8.807324391678259534e-01,8.396409172395487008e-01,8.111494492729997008e-01,9.607633564414328475e-01,9.724078869060980290e-01,9.527873623182498974e-01,9.645905217386874231e-01,9.495646930139310937e-01,8.441296302438703325e-01,9.507110997503225303e-01,8.724016395773581678e-01,9.394017293045350270e-01,9.146975541000887944e-01,9.517827255984745438e-01,9.055747246364997949e-01,8.958963485582237540e-01,9.358129792546129311e-01,9.612507870853935765e-01,9.865768788957195445e-01,9.870835956951311552e-01,9.867523520766826595e-01,9.740062377544982386e-01,9.570727144725893476e-01,1.000000000000000000e+00,9.525421002123750647e-01,9.610093566317472469e-01,9.640299146716623246e-01,9.466619252937334972e-01,9.459459459459459429e-01,1.000000000000000000e+00,9.726001687824404884e-01,9.160698009005455722e-01,9.299000362767217975e-01,8.813552505309376617e-01,9.083662384225992259e-01,9.252216696144733854e-01,8.825721519247448077e-01,9.305975657054824657e-01,9.546215683479247760e-01,8.576263006371251940e-01,8.943149367322703602e-01,9.194612733743170452e-01,9.638370441988559634e-01,8.121154430795917145e-01,8.825721519247448077e-01,8.201906653775223877e-01,8.926591952510434247e-01,7.803126124181265499e-01,8.583620869547496923e-01,9.623940842077074453e-01,8.651429990331418463e-01
9.453869821128770834e-01,7.504114818619952443e-01,1.000000000000000000e+00,8.659009713733448743e-01,0.000000000000000000e+00,8.589105971813613127e-01,1.000000000000000000e+00,9.899526660328942240e-01,8.261047122046140112e-01,9.824277226491455739e-01,8.824094397912755072e-01,7.579536682850513962e-01,5.208274849152985109e-01,9.054074782648352526e-01,9.899526660328942240e-01,1.000000000000000000e+00,9.906979762641259235e-01,7.906060290741607766e-01,9.610399877587622042e-01,1.000000000000000000e+00,1.000000000000000000e+00,9.914216008355525300e-01,9.169142209327871829e-01,1.000000000000000000e+00,9.211238658296787563e-01,9.198099370605951064e-01,1.000000000000000000e+00,1.000000000000000000e+00,9.719393233366843132e-01,9.345250877855967309e-01,9.694639682781223122e-01,1.000000000000000000e+00,1.000000000000000000e+00,1.000000000000000000e+00,7.699635409327215685e-01,9.801581052466863397e-01,8.085725779719623585e-01,8.511676202260156643e-01,8.435752078342506621e-01,9.635836572302888259e-01,9.038227816212897059e-01,9.189123373952194918e-01,1.000000000000000000e+00,7.788493297726672981e-01,9.549512985528997300e-01,6.936688301597181416e-01,1.000000000000000000e+00,5.881427394319805879e-01,6.801973536110856866e-01,8.733799602159771913e-01,7.409627283311149837e-01,5.814089318856690003e-01,9.079854163730886052e-01,1.000000000000000000e+00,8.234094544312092756e-01,9.216062931941837455e-01,8.521072484306477790e-01,8.565516545180031915e-01,1.000000000000000000e+00,9.797752681323455004e-01,8.908695788567750906e-01,9.890773964225754167e-01,9.185705820749928696e-01,7.464167553992235860e-01,8.412648419734909400e-01,7.528856436591884194e-01,8.982132275937411148e-01,9.277928307394933682e-01,8.077146933209153890e-01,9.477120162384867763e-01,9.816952328636435743e-01,9.643269260968155843e-01,9.547172777498613705e-01,8.863360146433423292e-01,8.858384756062087639e-01,9.372544194861841538e-01,8.763866181018464818e-01,7.228891896734268574e-01,7.373602109491957934e-01,9.372544194861841538e-01,7.950737921685759879e-01,8.711795829223241139e-01,6.145628625579883098e-01,1.000000000000000000e+00,5.367664451198355113e-01,6.813570007650273652e-01,5.556092630250812903e-01,8.468344150798590153e-01,7.990591622160285734e-01,6.139720375998628521e-01
9.347616402575427141e-01,1.000000000000000000e+00,9.525954536860022914e-01,1.000000000000000000e+00,8.589105971813613127e-01,0.000000000000000000e+00,8.758657589891802875e-01,9.039830995381471501e-01,6.829417430159268054e-01,7.690980547812682477e-01,9.765885632949591333e-01,8.727792244337131411e-01,8.516002967991096462e-01,8.983034616912470849e-01,9.159852120958787980e-01,8.666584354518344080e-01,8.777702324975148462e-01,9.456232560928659048e-01,9.069200936883690112e-01,8.883429688887303222e-01,8.119995497267774587e-01,8.360418193738887727e-01,9.875936632098589740e-01,8.101472838129867293e-01,7.880004239987280501e-01,1.000000000000000000e+00,9.528889831108284802e-01,8.537774275652713074e-01,8.323996192115022952e-01,8.770930540884349647e-01,9.756819808457101173e-01,9.234686965900512634e-01,9.751873264197178370e-01,8.635302953084482702e-01,9.340500041150048283e-01,8.814886342150056731e-01,7.817231781444082817e-01,7.666522620407102417e-01,8.021500123450144848e-01,7.933683731528904381e-01,8.015550802671539410e-01,7.201711565463018161e-01,9.165186447138325976e-01,9.245208374970449450e-01,7.739843956720130480e-01,9.461867608742888791e-01,9.195189611111953543e-01,8.360043498358241676e-01,9.213483146067416030e-01,7.440302576430148918e-01,9.005388234169295902e-01,8.777702324975148462e-01,8.571083422491770909e-01,8.708482260982931544e-01,8.101472838129867293e-01,8.946485348273160998e-01,9.528889831108284802e-01,9.632805963182736742e-01,9.175557204439497294e-01,9.637606091645443129e-01,8.577863610580068743e-01,8.956186244120682982e-01,9.878409904228551142e-01,9.675443258194063034e-01,9.407443171075028365e-01,1.000000000000000000e+00,1.000000000000000000e+00,9.014221995006450605e-01,9.872391250946327412e-01,9.125546362838161674e-01,7.376069597373187126e-01,8.508526865098615666e-01,7.836288387960422819e-01,7.179993245901661325e-01,8.408988180321169681e-01,7.537253021870741199e-01,8.101472838129867293e-01,8.137986384837705423e-01,8.377216290970317392e-01,8.072632799724928088e-01,9.388009938637895679e-01,9.120666721533398080e-01,8.608012577579113866e-01,7.965556844154090266e-01,8.770313645304166350e-01,8.259944194971708953e-01,7.996792299462490705e-01,8.816108739234354008e-01,9.885697489009148686e-01,8.872787508195485451e-01
1.000000000000000000e+00,8.572634626036614858e-01,1.000000000000000000e+00,9.773107841739624435e-01,1.000000000000000000e+00,8.758657589891802875e-01,0.000000000000000000e+00,1.000000000000000000e+00,8.590810302749527505e-01,1.000000000000000000e+00,9.784459731295478413e-01,9.148164580000079926e-01,7.267479795744107296e-01,1.000000000000000000e+00,1.000000000000000000e+00,1.000000000000000000e+00,1.000000000000000000e+00,9.399248590813888971e-01,9.892881050668919096e-01,1.000000000000000000e+00,1.000000000000000000e+00,9.905656178981833149e-01,9.885779535913316041e-01,1.000000000000000000e+00,9.783133317122547634e-01,9.874011842330258082e-01,1.000000000000000000e+00,1.000000000000000000e+00,1.000000000000000000e+00,9.691393300075815675e-01,1.000000000000000000e+00,1.000000000000000000e+00,1.000000000000000000e+00,1.000000000000000000e+00,8.482058148202709091e-01,9.890891054882003930e-01,9.043051247061308917e-01,9.079280876235015230e-01,9.089234888921625677e-01,9.599499060542593387e-01,9.230733668448912743e-01,9.702737081013426135e-01,1.000000000000000000e+00,7.220367263667128999e-01,9.504561801689044298e-01,6.432844972161115837e-01,1.000000000000000000e+00,6.175056536034430055e-01,7.620760380625956065e-01,8.393215760033791994e-01,7.456384601386001343e-01,6.317123504940058698e-01,9.696411629640542262e-01,9.900912360337809082e-01,9.028943133487568051e-01,9.676689596943217619e-01,9.457833292806370196e-01,9.436563830180988433e-01,1.000000000000000000e+00,1.000000000000000000e+00,9.563564219528015720e-01,1.000000000000000000e+00,9.664169752870266361e-01,8.505964238332007765e-01,9.672673164646011790e-01,8.389497488856602070e-01,9.216396090030620769e-01,9.432769604349060533e-01,8.707669809107890790e-01,9.194923514100586948e-01,1.000000000000000000e+00,1.000000000000000000e+00,9.800795231777601479e-01,9.807683417112228463e-01,8.953725299042759600e-01,9.704257617424705273e-01,9.611577253395027221e-01,8.761904761904761862e-01,9.003976158888005177e-01,9.802838411616470182e-01,9.211189362253384694e-01,9.696411629640542262e-01,5.169541084603519465e-01,1.000000000000000000e+00,6.792310085382315954e-01,8.798497181627779051e-01,5.020449983447606845e-01,8.414597765404940866e-01,8.526723842703305412e-01,6.226247159273312626e-01
1.000000000000000000e+00,8.853479927548761896e-01,1.000000000000000000e+00,9.736750936753671981e-01,9.899526660328942240e-01,9.039830995381471501e-01,1.000000000000000000e+00,0.000000000000000000e+00,8.598574492398844971e-01,9.887887867667281006e-01,9.874960919179911478e-01,9.629375341669449417e-01,7.622218228296349096e-01,1.000000000000000000e+00,1.000000000000000000e+00,1.000000000000000000e+00,1.000000000000000000e+00,9.651492482321338828e-01,9.751432898487594203e-01,1.000000000000000000e+00,9.888433428726429719e-01,9.781077295076803235e-01,1.000000000000000000e+00,1.000000000000000000e+00,9.874191440650600393e-01,9.707647326897657081e-01,1.000000000000000000e+00,9.776866857452859438e-01,1.000000000000000000e+00,9.761295041986856047e-01,1.000000000000000000e+00,1.000000000000000000e+00,1.000000000000000000e+00,1.000000000000000000e+00,9.060706728431537904e-01,9.873407579114541477e-01,9.000739918710263243e-01,8.931746038723978875e-01,9.178118387377595111e-01,9.186815792083122822e-01,9.330600572358579425e-01,9.540138742204966604e-01,1.000000000000000000e+00,8.387481260659670479e-01,9.195242798858691557e-01,7.815659025473591370e-01,1.000000000000000000e+00,7.080363525830926097e-01,8.079661990762943002e-01,8.135746738656957078e-01,8.229279382562928458e-01,7.507407423689284043e-01,9.295530046323653428e-01,1.000000000000000000e+00,8.760676465546007874e-01,9.624882757539733324e-01,9.622574321951801180e-01,9.607767729723631911e-01,1.000000000000000000e+00,1.000000000000000000e+00,1.000000000000000000e+00,1.000000000000000000e+00,9.480475666533868528e-01,9.306624754718463288e-01,9.746815158229082954e-01,8.832145410332370439e-01,9.350594583167336493e-01,9.736750936753671981e-01,8.773208769835704190e-01,9.599679615487282103e-01,1.000000000000000000e+00,1.000000000000000000e+00,9.653312377359232199e-01,9.776866857452859438e-01,8.907464438906155246e-01,9.656868241846241485e-01,9.662002672421637905e-01,9.226507531846237509e-01,9.075499672957951791e-01,9.771245494564161360e-01,9.215535459447263822e-01,1.000000000000000000e+00,5.768041649436983498e-01,9.771245494564161360e-01,7.263466188460041550e-01,9.302984964642677657e-01,6.041365444274056085e-01,9.080277484409933209e-01,9.389517136868119618e-01,7.263466188460041550e-01
8.730408209702436029e-01,8.491428565599047351e-01,8.039621182938618826e-01,8.081595449155326571e-01,8.261047122046140112e-01,6.829417430159268054e-01,8.590810302749527505e-01,8.598574492398844971e-01,0.000000000000000000e+00,9.795748157448582738e-01,7.835872977242805959e-01,7.411642464513523709e-01,8.968578753741206500e-01,6.921403520065202430e-01,9.065716328265895907e-01,9.026899072546674674e-01,8.486287446183716776e-01,8.730140955349344756e-01,9.094294481334075364e-01,8.672094015049489624e-01,8.272307761498862710e-01,8.205197402196409140e-01,7.947781659621937500e-01,8.563176501679670150e-01,9.885397639304578377e-01,8.402129076126076956e-01,7.593350425396148129e-01,9.085339403146457382e-01,9.130229235928744025e-01,8.912786544910930031e-01,8.580254427159097474e-01,8.404255319148936643e-01,8.792812740954081274e-01,8.792812740954081274e-01,8.288745585137563543e-01,8.500886786953061325e-01,8.584051560390213442e-01,9.243143723091857833e-01,9.251326193497684258e-01,8.941784129457787111e-01,8.678823582322660046e-01,8.429125589460694234e-01,8.143296696121904432e-01,8.653521001375480415e-01,9.371650235784277916e-01,8.114950707352832637e-01,8.545646559493741412e-01,9.042553191489361986e-01,8.250713064915458084e-01,9.660360430500277706e-01,8.709602819141979424e-01,8.810654422001491515e-01,7.860931981421953596e-01,8.324400628758074072e-01,9.384218500719858636e-01,8.860985777496213078e-01,8.280964589568677869e-01,8.213525997473758444e-01,8.739374032350364363e-01,7.414090084479854070e-01,9.077468791971115003e-01,8.095612314553654043e-01,8.343630165018947054e-01,7.789351207200387872e-01,8.500886786953061325e-01,7.021276595744680993e-01,9.053502951439398316e-01,8.800997155722078968e-01,8.509977680540175005e-01,8.784458404184212199e-01,9.148936170212765839e-01,8.341412230477005529e-01,9.157848078933481517e-01,8.983710447940507215e-01,8.451880494463098747e-01,8.958107203586467282e-01,8.563176501679670150e-01,8.892779523588913992e-01,9.052579088800166707e-01,8.541350085021054417e-01,9.404508665824586888e-01,8.288745585137563543e-01,8.124592966455641552e-01,7.916214407172934564e-01,8.604042423930540195e-01,9.365070477674672933e-01,7.466036179347286250e-01,6.648801257516148144e-01,7.219474666874192703e-01,7.706641125028743655e-01
9.878121262645478406e-01,8.106194864751032902e-01,9.889298139307488578e-01,9.309386116725804072e-01,9.824277226491455739e-01,7.690980547812682477e-01,1.000000000000000000e+00,9.887887867667281006e-01,9.795748157448582738e-01,0.000000000000000000e+00,9.234595470528782490e-01,7.191117197940621875e-01,7.425616388260647405e-01,8.311198676317004264e-01,1.000000000000000000e+00,1.000000000000000000e+00,9.896204334458008622e-01,8.984130055535627379e-01,9.891317187664555588e-01,1.000000000000000000e+00,1.000000000000000000e+00,1.000000000000000000e+00,9.072895965412640651e-01,9.901476637094316358e-01,1.000000000000000000e+00,9.872172501858771376e-01,9.779967212671850652e-01,9.902437863620264791e-01,1.000000000000000000e+00,9.686887854457425506e-01,9.886422287393936692e-01,1.000000000000000000e+00,1.000000000000000000e+00,1.000000000000000000e+00,8.665244275460322054e-01,1.000000000000000000e+00,1.000000000000000000e+00,9.792408668916017245e-01,9.691979448183151158e-01,1.000000000000000000e+00,1.000000000000000000e+00,1.000000000000000000e+00,1.000000000000000000e+00,7.767331008470188536e-01,9.698397246796647275e-01,7.084506719034260325e-01,1.000000000000000000e+00,7.855355653210124300e-01,8.635579414616585403e-01,9.021854688980996961e-01,7.728939617707831777e-01,7.093721364824248088e-01,9.178611861821737161e-01,9.698397246796647275e-01,9.605906548377266541e-01,1.000000000000000000e+00,9.009852457023326266e-01,8.742343708954934955e-01,9.889983606335924771e-01,8.871622152222840008e-01,9.335788835844928135e-01,9.878121262645478406e-01,9.318533724363617932e-01,7.372530728773059039e-01,9.003683253767392758e-01,6.936222361728749952e-01,9.432111436969681240e-01,8.964079175088706108e-01,9.404001216789873441e-01,9.066479943981327061e-01,9.897874078724291369e-01,9.800972855324489030e-01,9.797886979136388730e-01,9.804875727240529582e-01,9.363070244701517941e-01,9.699939981993997984e-01,9.802953274188632715e-01,9.130343446521327344e-01,8.989434895681945870e-01,9.699939981993997984e-01,9.428338049524970232e-01,9.281285379094019738e-01,6.499299789929975368e-01,9.799959987995998656e-01,7.511249425730402995e-01,9.085717049982064975e-01,4.854191828614802251e-01,6.782903965830907600e-01,7.010430047687126187e-01,6.458316490462496784e-01
9.728136376086481407e-01,9.875754826132393527e-01,1.000000000000000000e+00,9.871625958509225862e-01,8.824094397912755072e-01,9.765885632949591333e-01,9.784459731295478413e-01,9.874960919179911478e-01,7.835872977242804849e-01,9.234595470528783601e-01,0.000000000000000000e+00,9.518037307288119697e-01,9.116547791401227174e-01,1.000000000000000000e+00,9.874960919179911478e-01,9.884236305719676929e-01,9.768472611439354969e-01,1.000000000000000000e+00,9.757571305217245250e-01,9.482998700063222097e-01,9.347131504756540643e-01,9.252692699417137678e-01,1.000000000000000000e+00,9.890116524583884017e-01,9.386491521806408223e-01,1.000000000000000000e+00,9.386491521806408223e-01,8.476640177765262241e-01,9.650784852115210644e-01,9.650784852115210644e-01,1.000000000000000000e+00,9.886098577749621308e-01,9.870749675015805247e-01,9.224498050094833701e-01,9.427439209425103606e-01,9.506135201675205426e-01,9.025416815895527245e-01,8.726599362916449554e-01,8.969390576965186046e-01,8.866996448594801628e-01,8.694263009513081286e-01,8.654485281880615055e-01,9.627264478397180580e-01,8.427302684416190237e-01,8.430232828860717564e-01,8.318106602350769929e-01,9.760440384909706557e-01,7.608070132742047464e-01,8.829428164747955554e-01,7.696927399563832095e-01,8.503273278059861884e-01,8.032017197234512240e-01,9.083902735080165991e-01,8.990863961410461291e-01,9.230815672087184787e-01,9.024390243902439268e-01,9.754596608722563289e-01,9.872484657387332607e-01,9.754596608722563289e-01,9.748303192583859245e-01,9.629601401256403514e-01,9.728136376086481407e-01,1.000000000000000000e+00,9.887291295666571500e-01,9.629601401256403514e-01,9.544394310998485231e-01,9.873326352015464602e-01,9.743251917018451724e-01,9.601168195777487480e-01,9.609565595278485306e-01,9.772197155499242616e-01,9.556048561191982094e-01,9.323747773999425670e-01,9.238320088882631120e-01,9.526419906615560818e-01,9.442236564683549327e-01,9.560466098335533847e-01,9.353379193886436349e-01,9.436456478332855280e-01,9.107578503493679589e-01,9.744969314774665214e-01,1.000000000000000000e+00,7.545840884607619703e-01,8.438262381113939004e-01,8.291869027239171519e-01,8.866996448594801628e-01,6.973908467154901203e-01,8.542359055370666310e-01,9.642755868827844745e-01,8.291869027239171519e-01
8.925569381299492955e-01,8.895185613684468695e-01,9.146087436170033946e-01,9.365817138210198456e-01,7.579536682850513962e-01,8.727792244337131411e-01,9.148164580000079926e-01,9.629375341669449417e-01,7.411642464513523709e-01,7.191117197940621875e-01,9.518037307288119697e-01,0.000000000000000000e+00,8.799801603702042119e-01,9.883689473700191241e-01,8.641042919454647864e-01,8.055586703795369896e-01,8.856227472820805691e-01,9.664169752870266361e-01,8.682611111895415235e-01,8.978381111522406588e-01,7.957343475446729819e-01,7.995887627989894941e-01,9.616892916820902748e-01,9.348595250938078749e-01,8.181517581366730685e-01,9.436563830180988433e-01,8.787678387577819716e-01,7.527310522909198554e-01,8.044814248529996714e-01,8.964901660986468457e-01,9.624530369258680329e-01,9.549850863393656297e-01,9.489190555761203294e-01,8.978381111522406588e-01,9.321155766697869494e-01,9.146087436170033946e-01,6.683306183040425008e-01,7.140568682052015337e-01,7.284623066791477974e-01,6.641697528702663611e-01,6.774752855968519949e-01,6.233366133750714022e-01,8.772428459649409538e-01,8.316649567458069825e-01,6.898066227794705796e-01,8.449033113897352898e-01,8.106475726675397286e-01,8.762089874332554817e-01,8.380826492792712301e-01,7.724510102364807729e-01,8.521198795621807154e-01,8.627472967384968161e-01,7.737185888992897942e-01,9.002949858934012894e-01,7.285813545575329231e-01,7.108223843728720404e-01,9.272607032546692496e-01,9.748023684660515054e-01,9.272607032546692496e-01,9.502635268698006454e-01,9.390062454407166470e-01,9.194177035974619994e-01,9.374217282097800918e-01,9.331846895218939286e-01,1.000000000000000000e+00,9.324776295090484446e-01,9.249060738517361768e-01,9.112143993494278282e-01,8.686482656268166291e-01,9.228483250189540854e-01,8.199403453574625189e-01,8.793755225907090578e-01,7.327387580875756035e-01,8.064851713581112636e-01,8.011389848693143412e-01,7.905883107657324382e-01,8.371488127345196872e-01,8.722246870000121000e-01,8.886411492031565107e-01,7.685449750568621452e-01,9.748023684660515054e-01,9.547437177798580032e-01,8.346749821834729133e-01,7.575233072024269987e-01,9.156163211785218747e-01,8.992509258610799083e-01,8.659722589381225744e-01,8.338249764890021121e-01,9.529379194664988617e-01,9.261642810312066265e-01
8.276719126289342476e-01,9.549964839629589974e-01,7.987538820250189575e-01,8.488780696330349151e-01,5.208274849152985109e-01,8.516002967991096462e-01,7.267479795744107296e-01,7.622218228296349096e-01,8.968578753741206500e-01,7.425616388260647405e-01,9.116547791401227174e-01,8.799801603702042119e-01,0.000000000000000000e+00,7.974593194621700798e-01,7.735445931710808187e-01,7.379287908195204526e-01,7.484116391867395857e-01,9.281815153540392549e-01,8.134007580175264263e-01,7.073971320096736903e-01,6.157215815159255978e-01,6.326401341626478603e-01,8.946629675234825108e-01,6.517369834265037687e-01,8.666666666666666963e-01,8.838104996137774449e-01,5.666666666666666519e-01,5.467485320444251951e-01,7.786405637882134467e-01,8.840498191271594086e-01,8.623505596776629423e-01,7.834015382856533982e-01,7.776218203273519425e-01,6.839889025704475323e-01,8.963048305269574190e-01,6.981308230375283808e-01,7.058257972927239887e-01,7.588944875539588297e-01,7.096535254754809952e-01,6.922064943744539178e-01,6.551347526424974310e-01,5.735546106438800251e-01,6.512227507129325632e-01,9.406609170903073025e-01,7.766238436706038861e-01,9.390792300919827973e-01,6.962973590538813484e-01,9.793715750748240856e-01,9.152001695994912422e-01,8.573064620134025482e-01,9.270199550800237720e-01,9.895171516327808670e-01,7.615011102120021746e-01,5.938615339465523890e-01,8.308436776643017829e-01,7.128780322053989149e-01,8.777777777777777679e-01,8.152479138593198282e-01,7.444444444444444642e-01,7.492867317887965672e-01,8.658359213500126383e-01,6.676529743558016206e-01,9.311752798388314156e-01,9.591751709536137094e-01,8.993769410125094232e-01,9.484289376870603805e-01,8.852921330647191001e-01,7.907542502611253354e-01,8.675755616056538555e-01,7.760828526242599112e-01,7.627731133604775948e-01,7.788916806429733164e-01,8.060820620296650363e-01,8.029341443671413892e-01,7.962986183808189455e-01,7.878679656440357171e-01,7.810918181538023530e-01,8.243379868692640722e-01,8.877317201224377285e-01,7.777664401985135978e-01,9.538119784648299015e-01,9.170438644215659352e-01,9.898984745544778807e-01,5.151267786149387184e-01,1.000000000000000000e+00,9.487010823957422456e-01,9.716526645243079852e-01,6.750892271572419556e-01,9.029505041169054724e-01,9.709979053286300621e-01
9.606352089188892052e-01,8.920587041017937757e-01,1.000000000000000000e+00,9.628238802177542244e-01,9.054074782648352526e-01,8.983034616912470849e-01,1.000000000000000000e+00,1.000000000000000000e+00,6.921403520065202430e-01,8.311198676317004264e-01,1.000000000000000000e+00,9.883689473700191241e-01,7.974593194621700798e-01,0.000000000000000000e+00,9.758597725207366347e-01,9.329514765598488912e-01,1.000000000000000000e+00,1.000000000000000000e+00,9.414954528498863384e-01,9.750467435747025569e-01,8.949635460246080365e-01,8.763346528050141027e-01,1.000000000000000000e+00,1.000000000000000000e+00,8.697106733382380384e-01,9.587138588077614987e-01,1.000000000000000000e+00,8.529489644344513399e-01,9.213433493792884121e-01,9.438166781280631357e-01,9.877721002988870680e-01,1.000000000000000000e+00,1.000000000000000000e+00,9.750467435747025569e-01,9.447302889643273138e-01,9.642451529032902702e-01,7.700334472480500070e-01,8.100291835862384326e-01,8.341908668929818305e-01,7.703237143886012550e-01,7.479125104590593764e-01,7.943510967323609284e-01,9.760130453559541230e-01,8.102329752365284854e-01,7.402329642935085996e-01,8.484692291712133683e-01,9.421878387421399603e-01,7.361203017198745258e-01,8.192061541177725337e-01,7.308790831094772456e-01,7.999505989865258737e-01,7.541554140527791938e-01,8.673526935143854866e-01,9.458818675611476712e-01,7.666430940714321629e-01,8.234193964944958033e-01,9.644665472740648893e-01,1.000000000000000000e+00,9.881555157580216298e-01,9.878517617312534416e-01,9.523268705377203602e-01,1.000000000000000000e+00,9.510884011955481609e-01,9.347208790166132708e-01,9.761634352688601801e-01,9.230350880016300330e-01,9.510884011955481609e-01,9.752159201451695569e-01,8.973345995321309054e-01,9.748740546185197253e-01,8.790551382882758613e-01,9.250038262377904275e-01,8.150424905470710080e-01,8.529489644344513399e-01,8.514261457131893085e-01,8.384760654047694883e-01,8.727144149480539070e-01,8.751624432135282072e-01,9.238410255193821863e-01,8.384760654047694883e-01,9.630725527062001801e-01,9.668381733785963439e-01,6.554156061968415825e-01,8.600125900174668825e-01,8.041965336079389681e-01,8.250085442960771731e-01,6.978163884904824421e-01,9.025873616100656971e-01,9.540199510128297700e-01,7.732801968091924660e-01
1.000000000000000000e+00,9.363044404193756609e-01,1.000000000000000000e+00,9.341877341884179398e-01,9.899526660328942240e-01,9.159852120958787980e-01,1.000000000000000000e+00,1.000000000000000000e+00,9.065716328265895907e-01,1.000000000000000000e+00,9.874960919179911478e-01,8.641042919454647864e-01,7.735445931710808187e-01,9.758597725207366347e-01,0.000000000000000000e+00,1.000000000000000000e+00,1.000000000000000000e+00,9.651492482321338828e-01,9.751432898487594203e-01,1.000000000000000000e+00,1.000000000000000000e+00,1.000000000000000000e+00,9.867476996979883674e-01,9.887334224140545968e-01,9.874191440650600393e-01,1.000000000000000000e+00,1.000000000000000000e+00,9.888433428726429719e-01,1.000000000000000000e+00,1.000000000000000000e+00,1.000000000000000000e+00,1.000000000000000000e+00,1.000000000000000000e+00,1.000000000000000000e+00,9.530353364215768952e-01,9.873407579114541477e-01,9.777942204157836770e-01,9.762610230827550861e-01,9.882588341053941683e-01,1.000000000000000000e+00,9.776866857452859438e-01,9.885034685551241651e-01,1.000000000000000000e+00,8.521857822271363680e-01,9.540138742204966604e-01,7.815659025473591370e-01,1.000000000000000000e+00,7.313934443764452675e-01,8.679767618649523175e-01,8.384313840169361765e-01,8.583423506050342766e-01,7.151322769930610335e-01,9.765176682107884476e-01,9.885034685551241651e-01,9.774668448281091937e-01,9.874960919179911478e-01,9.245148643903602359e-01,9.215535459447263822e-01,1.000000000000000000e+00,1.000000000000000000e+00,9.367037895572708495e-01,1.000000000000000000e+00,1.000000000000000000e+00,9.075499672957951791e-01,9.620222737343624431e-01,9.299287246199422485e-01,9.610356749900401674e-01,9.736750936753671981e-01,9.454759453260312974e-01,9.599679615487282103e-01,9.883214541033237266e-01,9.772403752667027099e-01,9.653312377359232199e-01,9.553733714905719987e-01,9.393035799392308594e-01,9.542490989128322720e-01,9.662002672421637905e-01,8.895010759780340726e-01,8.844374591197439184e-01,9.656868241846241485e-01,9.869255909907876934e-01,9.882588341053941683e-01,7.369323187487853977e-01,9.885622747282080125e-01,8.358079713076025374e-01,9.651492482321338828e-01,5.292434582379957897e-01,8.160554968819866417e-01,8.534841128483486861e-01,7.591850245844836698e-01
1.000000000000000000e+00,9.056469930783965783e-01,1.000000000000000000e+00,9.390696815000634246e-01,1.000000000000000000e+00,8.666584354518344080e-01,1.000000000000000000e+00,1.000000000000000000e+00,9.026899072546674674e-01,1.000000000000000000e+00,9.884236305719676929e-01,8.055586703795369896e-01,7.379287908195204526e-01,9.329514765598488912e-01,1.000000000000000000e+00,0.000000000000000000e+00,1.000000000000000000e+00,9.247137715492934618e-01,1.000000000000000000e+00,1.000000000000000000e+00,1.000000000000000000e+00,1.000000000000000000e+00,9.509230160487033290e-01,1.000000000000000000e+00,9.883523907030897782e-01,1.000000000000000000e+00,1.000000000000000000e+00,1.000000000000000000e+00,1.000000000000000000e+00,9.889501075978034406e-01,1.000000000000000000e+00,1.000000000000000000e+00,1.000000000000000000e+00,1.000000000000000000e+00,9.456489631000499774e-01,1.000000000000000000e+00,9.794414429298134994e-01,9.780219780219779890e-01,9.673893778600299864e-01,1.000000000000000000e+00,9.793418851704444039e-01,9.893562801106667859e-01,1.000000000000000000e+00,8.009463653145102446e-01,9.680688403320003577e-01,6.913321232093367907e-01,1.000000000000000000e+00,7.188819542912616711e-01,8.110994502234321057e-01,8.734293697026858094e-01,7.377010018072154285e-01,6.373626373626373187e-01,9.891297926200099955e-01,9.893562801106667859e-01,9.582767040611394060e-01,1.000000000000000000e+00,9.068191256247183363e-01,9.515817973864958423e-01,1.000000000000000000e+00,9.641610567139817789e-01,9.531192769061505032e-01,1.000000000000000000e+00,9.879753482439029844e-01,8.609128399339532889e-01,9.413990961326881290e-01,8.270042795638533617e-01,9.519013929756118264e-01,9.878139363000126849e-01,9.116609349580488963e-01,9.382292236115749029e-01,1.000000000000000000e+00,1.000000000000000000e+00,9.893009876872271846e-01,9.896709425852221464e-01,9.438060343235019634e-01,9.894107240476985865e-01,9.791383520305696475e-01,9.386187250823343486e-01,9.037088891850446615e-01,9.788214480953970620e-01,1.000000000000000000e+00,9.456489631000499774e-01,5.976075138125450659e-01,1.000000000000000000e+00,7.669145034083585388e-01,9.139585960563353373e-01,5.146373283029244128e-01,7.658381624346692895e-01,7.513131856881563042e-01,6.655729831511232319e-01
1.000000000000000000e+00,9.056469930783965783e-01,1.000000000000000000e+00,9.634418089000380547e-01,9.906979762641259235e-01,8.777702324975148462e-01,1.000000000000000000e+00,1.000000000000000000e+00,8.486287446183716776e-01,9.896204334458008622e-01,9.768472611439354969e-01,8.856227472820805691e-01,7.484116391867395857e-01,1.000000000000000000e+00,1.000000000000000000e+00,1.000000000000000000e+00,0.000000000000000000e+00,9.892448245070418755e-01,9.884935790638805786e-01,1.000000000000000000e+00,9.896709425852221464e-01,1.000000000000000000e+00,9.877307540121758045e-01,1.000000000000000000e+00,9.883523907030897782e-01,1.000000000000000000e+00,1.000000000000000000e+00,9.690128277556665504e-01,1.000000000000000000e+00,1.000000000000000000e+00,1.000000000000000000e+00,1.000000000000000000e+00,1.000000000000000000e+00,1.000000000000000000e+00,9.021681335800899593e-01,9.882798192265376258e-01,9.280450502543472480e-01,9.010989010989011172e-01,9.565191704800399819e-01,9.784896490140838621e-01,9.173675406817775047e-01,9.467814005533339294e-01,1.000000000000000000e+00,7.138604001396084975e-01,8.935628011066678589e-01,7.126195629880032190e-01,1.000000000000000000e+00,6.215718615459291385e-01,7.999876531777516675e-01,8.158972650220883693e-01,7.814175015060129681e-01,6.703296703296703907e-01,9.347787557200599728e-01,9.574251204426671435e-01,9.374150560917091646e-01,9.768472611439354969e-01,1.000000000000000000e+00,9.636863480398718540e-01,1.000000000000000000e+00,9.880536855713272226e-01,9.413990961326881290e-01,1.000000000000000000e+00,9.759506964878058577e-01,8.930098768722717351e-01,9.296789153592256438e-01,8.486287446183716776e-01,9.398767412195148108e-01,9.512557452000507396e-01,9.116609349580488963e-01,9.752916894446299612e-01,9.783755349454816841e-01,9.683930229379492660e-01,9.572039507489087384e-01,9.586837703408886968e-01,9.213284480529028153e-01,9.682321721430956485e-01,9.791383520305696475e-01,8.976978751372238774e-01,9.679029630616815538e-01,9.788214480953970620e-01,9.757908986932478657e-01,9.891297926200099955e-01,6.187860657171480039e-01,9.894107240476985865e-01,7.061095912540173991e-01,8.709378940845029504e-01,5.740694921841991150e-01,8.084130419920021460e-01,8.530487006339104727e-01,6.858412872025703155e-01
