0.000000000000000000e+00,1.000000000000000000e+00,9.837349987841911281e-01,9.826708251696654184e-01,9.914501803992903373e-01,9.834705098773178777e-01,9.825125645804332342e-01,1.000000000000000000e+00,9.910912919362525608e-01,1.000000000000000000e+00,9.651844688088604407e-01,9.827483610164411409e-01,9.912158953884211421e-01,9.472953723305269635e-01,9.825922344044302204e-01,9.735248308893171831e-01,9.734002411700534152e-01,8.540113553532957535e-01,9.914501803992903373e-01,9.734002411700534152e-01,1.000000000000000000e+00,9.512049963525733842e-01,9.828248653356818076e-01,9.916666666666666963e-01,9.673401367628909897e-01,9.321936496379189530e-01,9.728836927726679518e-01,9.233869122317126532e-01,9.625365675367322238e-01,8.574606709800403070e-01,9.648635815536846794e-01,9.665269036497711186e-01,8.770225354378963223e-01,9.643651677450101323e-01,9.223676245739851343e-01,9.129611720221511018e-01,8.916666666666667185e-01,9.421467845706124056e-01,7.683735903425655822e-01,9.125628229021663929e-01,9.387939760315164861e-01,8.717527059893557251e-01,8.917188557432532692e-01,9.370365082408990132e-01,9.472953723305269635e-01,9.638449236968906764e-01,9.029243799274964122e-01,9.531707094209153075e-01,9.024675509568625964e-01,9.487010823957423566e-01,9.745726186142196212e-01,9.825922344044302204e-01,9.834705098773178777e-01,9.743505411978711228e-01,9.728836927726679518e-01,8.581346195736183624e-01,9.562814114510831409e-01,9.677251387816048211e-01,7.040679848753137460e-01,9.745726186142196212e-01,9.243670773865584334e-01,9.741225415246617114e-01,7.694687568071296724e-01,9.914124326678409593e-01,9.823498872595448628e-01,1.000000000000000000e+00,9.364161632926335521e-01,9.125628229021663929e-01,8.299227174156347253e-01,9.190469391668700805e-01,9.148743469241251702e-01,8.878643466068674162e-01,9.209430584957905008e-01,7.261387212474169628e-01,8.282486533568185205e-01,7.080227107065913961e-01,8.878643466068674162e-01,9.747890257955195148e-01,8.723115203861877553e-01,9.477767032132906611e-01,9.836043541054011463e-01,8.607378752354417628e-01,7.555338845728516439e-01,8.601005166434662064e-01,9.489246081544751021e-01,9.545829737804525372e-01,5.182670172526416819e-01,9.015342048195780222e-01,1.000000000000000000e+00,9.829003607985807855e-01
1.000000000000000000e+00,0.000000000000000000e+00,1.000000000000000000e+00,9.918309486434021549e-01,1.000000000000000000e+00,1.000000000000000000e+00,1.000000000000000000e+00,9.917182667500007431e-01,1.000000000000000000e+00,1.000000000000000000e+00,9.507634036082669438e-01,1.000000000000000000e+00,1.000000000000000000e+00,9.503096005000046809e-01,9.917939006013778425e-01,9.750389711850341312e-01,9.080455251944881123e-01,8.623605858587762851e-01,9.435740694358879521e-01,9.665620091616320408e-01,9.920089449752436117e-01,9.693304195847842752e-01,1.000000000000000000e+00,1.000000000000000000e+00,9.769059892324150063e-01,9.600447248762179475e-01,9.829563335811695168e-01,9.839485529218974236e-01,9.646791371449321417e-01,7.900197372170959520e-01,9.751548002500023404e-01,1.000000000000000000e+00,7.929566687500194666e-01,9.832015789773677072e-01,9.674699975683822561e-01,9.097329066151560450e-01,9.135758378549775349e-01,9.922079236297969285e-01,7.312252636378828718e-01,9.093197827479253537e-01,9.258070949755753398e-01,8.307222083076639674e-01,9.257538604813727590e-01,9.575981790571013175e-01,9.834365335000015973e-01,1.000000000000000000e+00,9.667186282467121750e-01,9.558489214311651772e-01,9.414835160328560715e-01,9.838783055531108435e-01,9.920089449752436117e-01,1.000000000000000000e+00,1.000000000000000000e+00,1.000000000000000000e+00,1.000000000000000000e+00,8.328100458081603152e-01,9.175634388617504023e-01,1.000000000000000000e+00,5.240462348799133085e-01,1.000000000000000000e+00,8.256930142014395901e-01,1.000000000000000000e+00,6.321821007779526713e-01,1.000000000000000000e+00,9.750389711850341312e-01,9.920431680662284979e-01,9.400525838538174028e-01,9.340507510894002774e-01,7.552546529547805587e-01,9.067159939256228540e-01,8.475112527580257460e-01,7.641574823707710795e-01,9.006192010000093617e-01,6.322621873298008843e-01,6.842389910877808568e-01,6.518532465839634860e-01,8.942774920972422770e-01,9.762308655729236007e-01,8.635626998361282114e-01,9.507634036082669438e-01,9.845420368079943474e-01,8.687024096220450353e-01,7.843851272396891172e-01,8.516141899511506796e-01,9.759228293828461354e-01,9.828721668153763691e-01,4.457437415779592627e-01,8.902865685659361317e-01,1.000000000000000000e+00,9.919391527765554217e-01
9.837349987841911281e-01,1.000000000000000000e+00,0.000000000000000000e+00,1.000000000000000000e+00,9.916562304279706863e-01,1.000000000000000000e+00,1.000000000000000000e+00,1.000000000000000000e+00,9.913059911507116073e-01,1.000000000000000000e+00,9.745176404281187255e-01,9.915820621287315673e-01,1.000000000000000000e+00,9.828551833375452906e-01,1.000000000000000000e+00,9.913876268445199758e-01,8.961651736697670012e-01,7.569623800087699195e-01,8.998747651356482358e-01,8.702064670872087238e-01,9.834569444338178146e-01,9.444444444444444198e-01,1.000000000000000000e+00,1.000000000000000000e+00,9.521908556266243107e-01,9.503708333014534437e-01,9.911790645995839366e-01,9.750777606860386859e-01,9.634394335261945441e-01,8.261198230142330345e-01,1.000000000000000000e+00,9.918334007074995906e-01,7.342553417319528375e-01,9.652239646028466513e-01,9.494923727723895146e-01,8.810823219978873855e-01,8.942774920972422770e-01,9.516066081504173102e-01,6.870156814256194178e-01,9.061370577409914029e-01,9.232030472426293599e-01,7.663744519831792168e-01,9.231479443061020307e-01,9.385539237991988859e-01,9.914275916687727008e-01,9.911790645995839366e-01,9.224886416006796708e-01,9.085985838154864158e-01,9.307767824465112971e-01,9.833124608559413726e-01,9.917284722169089628e-01,9.915058801427062418e-01,9.919344346917362554e-01,1.000000000000000000e+00,9.911790645995839366e-01,8.788593692813948532e-01,8.464060944852587198e-01,9.291316613107698519e-01,4.563763291331993655e-01,1.000000000000000000e+00,7.949717369561988267e-01,9.747461863861947018e-01,5.587019880965097274e-01,9.832387848281910481e-01,9.655505073780799030e-01,9.917638964815432834e-01,8.847615540780192633e-01,8.634720839868965658e-01,6.680431350380591216e-01,8.332177931692542616e-01,8.670813903255395472e-01,7.558798017332157837e-01,9.228483250189540854e-01,5.788610733501191596e-01,6.228726586342981930e-01,6.061114434624892411e-01,9.242385591585842164e-01,9.917988694782479131e-01,8.421591510115782331e-01,9.235529212843561764e-01,9.519984639262680792e-01,8.386117227114185946e-01,7.922093065571753634e-01,8.464060944852587198e-01,9.833851737906924573e-01,9.202195374386287208e-01,4.820676026217626253e-01,8.340215675190295608e-01,9.915058801427062418e-01,9.833124608559413726e-01
9.826708251696654184e-01,9.918309486434021549e-01,1.000000000000000000e+00,0.000000000000000000e+00,9.822206417645777954e-01,1.000000000000000000e+00,1.000000000000000000e+00,1.000000000000000000e+00,1.000000000000000000e+00,1.000000000000000000e+00,9.638005343906665967e-01,1.000000000000000000e+00,1.000000000000000000e+00,9.726001687824404884e-01,1.000000000000000000e+00,1.000000000000000000e+00,9.078096257582242146e-01,8.124925258605195655e-01,9.111032088228891990e-01,9.262477006065793494e-01,9.911872892497644028e-01,9.661769140378773102e-01,1.000000000000000000e+00,1.000000000000000000e+00,9.235942552039584363e-01,9.647491569990573890e-01,9.906019354260899856e-01,9.911490560518105841e-01,9.707855333094821404e-01,8.517946628328724179e-01,1.000000000000000000e+00,1.000000000000000000e+00,7.625347961144839370e-01,9.814743328541090106e-01,9.820625999166455733e-01,9.366509351836665997e-01,9.220187132634946048e-01,9.484403636453955233e-01,6.665379913739630791e-01,9.181784370556387298e-01,9.454522913704258569e-01,7.955373802926450910e-01,9.181197288878324425e-01,9.438860102308793687e-01,9.726001687824404884e-01,9.812038708521799713e-01,9.174172898472949811e-01,9.123565999284463102e-01,9.170286631824017265e-01,9.822206417645777954e-01,9.735618677492930972e-01,9.728504007930000030e-01,1.000000000000000000e+00,1.000000000000000000e+00,9.906019354260899856e-01,8.617144386373362108e-01,8.545394436544688777e-01,9.244949437884222299e-01,4.841576150669992806e-01,1.000000000000000000e+00,8.077704329617010348e-01,9.910312999583228422e-01,6.404575404570742592e-01,1.000000000000000000e+00,9.724724299490983270e-01,1.000000000000000000e+00,8.961107744325197411e-01,8.999958675124473118e-01,6.928604236918998183e-01,8.410103623208249335e-01,8.672358407771583177e-01,7.399076987913615344e-01,8.995339522022816059e-01,6.203368016990004064e-01,6.517718337409650342e-01,6.339139790610145431e-01,9.192816996249053574e-01,1.000000000000000000e+00,8.583848968289689019e-01,9.004514695743331965e-01,9.829526191501744004e-01,8.552021375626664978e-01,8.278109990820791131e-01,8.727220131976602957e-01,9.734471681554316413e-01,9.244441995872870743e-01,4.991178952259495150e-01,8.603911016781362608e-01,9.909501335976667047e-01,9.911103208822888977e-01
9.914501803992903373e-01,1.000000000000000000e+00,9.916562304279706863e-01,9.822206417645777954e-01,0.000000000000000000e+00,1.000000000000000000e+00,9.820582698260373888e-01,9.909876988260687414e-01,1.000000000000000000e+00,1.000000000000000000e+00,9.553500233519316431e-01,1.000000000000000000e+00,9.909876988260687414e-01,9.459261929564124483e-01,9.821400093407727239e-01,9.909456832082152999e-01,8.908368930791555895e-01,7.973548618630159623e-01,8.859649122807017330e-01,8.726430419256814286e-01,9.478241142959525911e-01,9.249060738517361768e-01,9.911893418201310757e-01,9.914501803992903373e-01,9.916229218341661156e-01,9.565200952466271778e-01,1.000000000000000000e+00,9.475977536422248715e-01,9.615633292978831292e-01,7.989168843940700482e-01,9.549384941303437069e-01,9.570716597092556732e-01,7.296309647820624633e-01,9.360190086708404245e-01,8.849512471217217957e-01,8.839100607150224276e-01,9.316014431943230312e-01,9.830411009631226937e-01,7.714964595387159285e-01,9.013204840432056386e-01,9.641165396520747777e-01,8.771929824561404132e-01,9.293037482159069995e-01,9.446292747001174828e-01,9.729630964782062241e-01,9.907264185987557648e-01,9.547284160410764997e-01,9.039083232447077121e-01,9.636122976930519002e-01,9.912280701754385692e-01,9.826080380986508267e-01,9.821400093407727239e-01,1.000000000000000000e+00,9.824561403508772495e-01,9.443585115925342555e-01,8.271584140419963038e-01,9.102913491301869442e-01,9.834433455366869969e-01,5.088502568712485186e-01,1.000000000000000000e+00,7.758287473372896814e-01,1.000000000000000000e+00,5.542506467398852221e-01,9.911893418201310757e-01,9.728370496246458998e-01,9.740237833266934819e-01,9.161256057087887594e-01,8.833787538692429164e-01,7.061126566517419434e-01,8.800300951835877683e-01,8.689943841055620677e-01,8.407017267839225205e-01,9.369138917824811896e-01,6.253656753673224600e-01,6.916269637045894259e-01,6.651949891649828750e-01,9.115009593244014496e-01,9.741340862312257709e-01,8.864617995581538512e-01,9.285600373630906734e-01,9.663568444873755769e-01,8.392600840669540707e-01,7.330013195439368801e-01,9.013204840432056386e-01,9.737988768211124357e-01,9.161256057087887594e-01,4.471128410549619625e-01,8.989762257240363486e-01,9.910700046703863064e-01,9.912280701754385692e-01
9.834705098773178777e-01,1.000000000000000000e+00,1.000000000000000000e+00,1.000000000000000000e+00,1.000000000000000000e+00,0.000000000000000000e+00,1.000000000000000000e+00,1.000000000000000000e+00,1.000000000000000000e+00,1.000000000000000000e+00,9.482065318954113753e-01,9.914451761146355624e-01,1.000000000000000000e+00,9.651527751007121791e-01,1.000000000000000000e+00,9.912475790737725889e-01,9.120639098309341053e-01,7.615271762167503677e-01,8.897671562602977868e-01,8.944766917971209708e-01,9.915939670107614123e-01,9.354754775338897099e-01,1.000000000000000000e+00,1.000000000000000000e+00,9.919022366982108707e-01,9.915939670107614123e-01,1.000000000000000000e+00,1.000000000000000000e+00,9.628449137881986974e-01,8.144569335485781769e-01,9.825763875503561451e-01,9.917006017675495944e-01,7.473576194801635486e-01,9.646584635330625046e-01,9.657807044585422496e-01,9.223097978431169519e-01,8.594993339572016833e-01,9.672131147540983243e-01,7.084323241477658017e-01,9.219542344195320593e-01,9.566412413441844897e-01,8.388904591496659791e-01,9.511863971509649796e-01,9.643169914815438171e-01,9.912881937751780725e-01,1.000000000000000000e+00,9.474854744426355335e-01,9.256898275763975059e-01,9.384447368816538626e-01,9.830411009631226937e-01,9.915939670107614123e-01,9.827355106318037548e-01,1.000000000000000000e+00,1.000000000000000000e+00,1.000000000000000000e+00,8.856830827802143480e-01,8.872672274948796289e-01,9.839953900083879823e-01,4.389040955336228622e-01,1.000000000000000000e+00,7.332962885784604090e-01,1.000000000000000000e+00,5.603195491546706375e-01,1.000000000000000000e+00,9.562378953688629446e-01,9.832599346349391034e-01,9.279308525154297271e-01,8.699237240325533582e-01,7.159116703086260136e-01,8.751094701854031932e-01,8.733624722465912482e-01,8.289035222927112478e-01,9.215937439766025419e-01,6.213959710949225057e-01,6.593245374525005253e-01,5.997063315066881728e-01,9.058969372609911863e-01,9.916655090180769294e-01,8.902474759470457855e-01,9.568387765795094424e-01,9.918696499939070321e-01,8.446195956862340148e-01,7.731881800615053590e-01,9.132824826883689795e-01,1.000000000000000000e+00,9.099135656442872699e-01,4.493520954783370991e-01,9.467334381828673706e-01,1.000000000000000000e+00,9.830411009631226937e-01
9.825125645804332342e-01,1.000000000000000000e+00,1.000000000000000000e+00,1.000000000000000000e+00,9.820582698260373888e-01,1.000000000000000000e+00,0.000000000000000000e+00,1.000000000000000000e+00,1.000000000000000000e+00,9.906967687057052219e-01,9.634699388018221899e-01,9.909493923218000155e-01,1.000000000000000000e+00,9.815666245463556816e-01,1.000000000000000000e+00,9.907403437990965900e-01,9.255741496456415529e-01,7.837486780494695715e-01,9.013204840432056386e-01,9.162709183513466638e-01,9.911068062025494285e-01,9.658680209967240859e-01,1.000000000000000000e+00,1.000000000000000000e+00,9.228964713619385307e-01,9.555340310127472536e-01,9.905161065708980583e-01,9.821364476714463665e-01,9.803458193260992104e-01,8.317463065085179963e-01,1.000000000000000000e+00,1.000000000000000000e+00,8.156662454635563719e-01,9.906525725838065677e-01,9.547469616090001887e-01,8.904098164054664588e-01,9.213065406119497203e-01,9.392977378818582190e-01,7.008823226818098329e-01,8.899082568807339388e-01,9.082568807339449490e-01,8.026409680864111662e-01,8.967149354174557274e-01,9.244980574221005609e-01,9.815666245463556816e-01,9.905161065708980583e-01,9.166630941918688658e-01,9.312103676413470144e-01,9.162709183513467748e-01,9.730874047390560833e-01,9.822136124050988570e-01,9.908674847004554920e-01,9.913282482688369202e-01,1.000000000000000000e+00,1.000000000000000000e+00,8.511482992912831058e-01,8.623853211009173680e-01,9.492035903891052895e-01,5.342417197232324222e-01,1.000000000000000000e+00,8.412848980245222208e-01,9.909493923218000155e-01,6.650836734053868771e-01,9.909895282520612136e-01,9.537017189954827279e-01,9.911448928606357844e-01,8.856312669333128440e-01,8.807339449541284893e-01,7.370167351321293969e-01,8.584338576664384268e-01,8.838869098644013267e-01,7.646842003668011811e-01,9.078331227317781860e-01,5.994544625438821273e-01,6.485916018303881092e-01,6.576020735783268956e-01,9.456963539308003153e-01,9.911824943346956296e-01,8.481598052072940597e-01,9.178073623040998719e-01,9.655938641507342268e-01,8.356147246081997437e-01,8.179641053012234320e-01,8.532110091743119185e-01,9.732046715071694942e-01,9.142234501999846330e-01,5.802141218594429883e-01,8.591161081064978555e-01,1.000000000000000000e+00,9.910291349130186944e-01
1.000000000000000000e+00,9.917182667500007431e-01,1.000000000000000000e+00,1.000000000000000000e+00,9.909876988260687414e-01,1.000000000000000000e+00,1.000000000000000000e+00,0.000000000000000000e+00,1.000000000000000000e+00,1.000000000000000000e+00,9.633012078291213198e-01,1.000000000000000000e+00,1.000000000000000000e+00,9.907407407407406996e-01,1.000000000000000000e+00,9.906975737969008211e-01,9.065379743179926564e-01,7.918019121391320914e-01,9.098769882606875248e-01,9.158841768861933907e-01,9.910657288763516926e-01,9.828551833375452906e-01,1.000000000000000000e+00,1.000000000000000000e+00,9.827867406835225639e-01,9.821314577527033851e-01,9.904723008254161520e-01,9.730809048970917585e-01,9.605100748160605439e-01,8.685315603755641156e-01,9.907407407407406996e-01,1.000000000000000000e+00,7.685185185185184897e-01,9.718281915090494216e-01,9.545379395341682116e-01,8.899036234873639595e-01,8.858066400494751802e-01,9.564409688758902517e-01,6.619382981085933926e-01,9.170498104586003452e-01,9.446998736390669338e-01,8.017293741735124213e-01,8.754854387270619709e-01,9.525933230009521191e-01,9.814814814814815103e-01,1.000000000000000000e+00,9.255805903752070130e-01,9.111476683361361406e-01,9.158841768861933907e-01,9.819753976521374828e-01,9.731971866290550777e-01,9.816506039145606044e-01,1.000000000000000000e+00,1.000000000000000000e+00,9.809446016508323041e-01,8.878455691815911877e-01,8.893997472781337565e-01,9.489689636920171090e-01,4.862169096076983665e-01,1.000000000000000000e+00,8.139770987915431188e-01,9.818151758136672846e-01,6.354980998401712489e-01,9.909479092234405595e-01,9.720927213907025743e-01,1.000000000000000000e+00,8.659535024216672427e-01,8.893997472781337565e-01,7.169307414638510512e-01,8.293359628034276954e-01,8.923236195883669231e-01,7.817821097640076378e-01,9.351851851851851194e-01,6.413430145943233018e-01,6.741247320438589208e-01,6.469684597141804883e-01,9.090758790683365342e-01,9.911417666091211220e-01,8.743775561864279844e-01,9.082530195728032441e-01,9.740762076317394103e-01,8.532048313164852793e-01,8.004981327784733702e-01,8.801830595513115973e-01,9.730809048970917585e-01,9.329767512108335659e-01,4.836022205056776935e-01,8.773366546343354111e-01,9.908253019572803577e-01,9.909876988260687414e-01
9.910912919362525608e-01,1.000000000000000000e+00,9.913059911507116073e-01,1.000000000000000000e+00,1.000000000000000000e+00,1.000000000000000000e+00,1.000000000000000000e+00,1.000000000000000000e+00,0.000000000000000000e+00,9.905212205607166753e-01,9.720854736880458757e-01,9.907786110804585045e-01,1.000000000000000000e+00,9.624375886787326362e-01,1.000000000000000000e+00,1.000000000000000000e+00,8.862546467285999929e-01,8.163900871840480411e-01,9.085985838154864158e-01,8.957334261678833176e-01,9.728169858890218791e-01,9.478359469042698660e-01,1.000000000000000000e+00,1.000000000000000000e+00,9.825425687811205622e-01,9.728169858890218791e-01,9.806742988115850768e-01,9.726990546884025646e-01,9.499373825678241179e-01,8.285714285714285143e-01,9.718281915090494216e-01,9.821078773975671083e-01,7.182819150904944383e-01,9.523809523809524391e-01,9.631144443218341289e-01,9.255612631681223723e-01,9.287303354900201535e-01,9.558230794163281585e-01,7.619047619047618625e-01,9.532628629190328384e-01,9.719577177514197031e-01,7.989168843940699372e-01,9.158127910116174997e-01,9.423050251336684280e-01,9.718281915090494216e-01,9.903371494057925384e-01,9.622624715927331485e-01,9.198998121085185664e-01,9.336485439250167273e-01,9.817197167630973276e-01,9.728169858890218791e-01,9.813903157920306208e-01,9.911646158832656539e-01,1.000000000000000000e+00,9.710114482173776151e-01,8.483395289714666943e-01,8.878308710056787012e-01,9.654967220328822819e-01,4.417094737609175148e-01,9.909389952963406634e-01,7.664189024419991725e-01,9.631144443218341289e-01,6.018912635501001418e-01,9.908195043592024076e-01,9.716968536945498336e-01,9.909778006339872158e-01,9.126048820138811246e-01,8.691360161732918366e-01,7.129153741183926751e-01,8.461467336897825486e-01,8.634952734420129339e-01,7.602438880919217823e-01,9.248751773574651613e-01,6.451272462005334107e-01,6.695021569312863408e-01,6.419606700088935636e-01,9.262288886436682578e-01,9.910161116323845665e-01,8.725955885458787087e-01,9.255612631681223723e-01,9.561807931625317947e-01,8.511225263362446336e-01,8.145291629005875222e-01,8.784834435894852689e-01,9.817993697922684504e-01,9.126048820138811246e-01,5.199206414808168475e-01,8.947356371767439809e-01,1.000000000000000000e+00,9.817197167630973276e-01
1.000000000000000000e+00,1.000000000000000000e+00,1.000000000000000000e+00,1.000000000000000000e+00,1.000000000000000000e+00,1.000000000000000000e+00,9.906967687057052219e-01,1.000000000000000000e+00,9.905212205607166753e-01,0.000000000000000000e+00,9.907391526677920002e-01,9.908222112723206187e-01,1.000000000000000000e+00,9.532689871589963282e-01,1.000000000000000000e+00,9.812204503113010068e-01,9.056603773584905870e-01,8.081211352240582624e-01,9.363215209628407143e-01,9.150943396226415283e-01,9.909818371661489600e-01,9.567354890290695746e-01,1.000000000000000000e+00,1.000000000000000000e+00,1.000000000000000000e+00,9.458910229968935379e-01,1.000000000000000000e+00,9.818854252635201840e-01,9.501740865767542843e-01,8.009456317750500709e-01,9.906537974317992656e-01,9.732887112937703700e-01,7.756911383631823753e-01,9.715636616821500260e-01,9.632888450892823640e-01,8.981306793457125570e-01,9.290673097868091812e-01,9.736191729492802427e-01,7.440729551393501229e-01,9.441806122342311092e-01,9.720903061171155546e-01,8.635461163489444036e-01,9.581054207554892121e-01,9.617185440940934082e-01,9.906537974317992656e-01,9.903828368985897468e-01,9.718306754669514547e-01,9.800696346307017359e-01,9.433962264150943522e-01,9.909030744232629750e-01,9.909818371661489600e-01,1.000000000000000000e+00,1.000000000000000000e+00,1.000000000000000000e+00,1.000000000000000000e+00,9.056603773584905870e-01,8.976644557627571075e-01,9.742448942596207972e-01,5.832618700506422282e-01,1.000000000000000000e+00,8.301131887941795018e-01,9.908222112723206187e-01,6.226415094339623479e-01,1.000000000000000000e+00,9.812204503113010068e-01,9.910204590259938939e-01,9.226827555703472905e-01,9.162709183513467748e-01,7.142727558402026666e-01,8.947259962587567061e-01,8.550834021081619163e-01,8.439775916294501856e-01,9.158841768861933907e-01,6.556350124369699772e-01,7.167502472355146148e-01,6.436535368446797412e-01,8.806887465401678217e-01,9.821171777678083803e-01,9.094271263176011422e-01,9.351740686745443343e-01,9.912775954668493483e-01,8.610872900168807798e-01,7.566716752758388953e-01,9.069676870570518856e-01,1.000000000000000000e+00,9.613413777851737008e-01,4.266286395527484343e-01,9.333303096960473555e-01,1.000000000000000000e+00,1.000000000000000000e+00
9.651844688088604407e-01,9.507634036082669438e-01,9.745176404281187255e-01,9.638005343906665967e-01,9.553500233519316431e-01,9.482065318954113753e-01,9.634699388018221899e-01,9.633012078291213198e-01,9.720854736880458757e-01,9.907391526677920002e-01,0.000000000000000000e+00,9.819812507460887741e-01,9.908253019572803577e-01,9.633012078291213198e-01,9.545454545454545858e-01,9.539126462018163721e-01,9.629566106711682227e-01,9.372140491551529395e-01,9.732100140111590303e-01,9.351740686745443343e-01,9.380312547178052407e-01,8.640940822832998691e-01,9.551528922536807187e-01,9.390728204155057712e-01,9.232477421119802408e-01,9.026205431279796798e-01,9.527965679969149226e-01,9.021980706156348395e-01,9.804353604782192200e-01,8.232080000242905093e-01,9.449518117436819242e-01,9.388173594226156826e-01,8.899036234873639595e-01,9.627806315840611306e-01,9.189156283573997053e-01,8.727272727272726849e-01,8.781456408310115425e-01,8.877808191067245724e-01,8.604273684402293787e-01,9.178073623040998719e-01,8.995423317050108558e-01,8.214000934077267946e-01,8.354967757694670150e-01,9.060525395181983077e-01,9.449518117436819242e-01,9.527965679969149226e-01,8.525204678458124796e-01,9.021768023910963219e-01,8.888698320135045572e-01,8.839100607150224276e-01,9.114732210254361533e-01,9.272727272727272485e-01,9.482065318954113753e-01,9.553500233519316431e-01,9.716779407981489536e-01,9.073915266779204458e-01,8.721447858063775538e-01,8.904425223497232089e-01,7.181818181818182545e-01,9.468839326152617142e-01,8.507853120082318199e-01,9.729718761191332721e-01,8.055222060236330028e-01,9.461834707044167736e-01,9.354777046825429876e-01,9.559261762210046198e-01,9.146142337804052946e-01,8.812773011059220618e-01,7.288653728975473811e-01,8.684735553254775420e-01,8.844159016366593962e-01,8.738687552226217514e-01,9.449518117436819242e-01,7.573004318283946823e-01,7.937033043669310395e-01,6.950396673250285318e-01,8.648593805956661384e-01,9.122266541224892666e-01,9.199802395946103939e-01,9.272727272727272485e-01,9.571882659218285960e-01,9.090909090909090606e-01,8.352667548355365845e-01,8.721447858063775538e-01,9.377624085735858372e-01,8.766650043494742528e-01,6.503508251767988746e-01,8.597579514987314653e-01,9.454545454545454364e-01,9.642800186815453367e-01
9.827483610164411409e-01,1.000000000000000000e+00,9.915820621287315673e-01,1.000000000000000000e+00,1.000000000000000000e+00,9.914451761146355624e-01,9.909493923218000155e-01,1.000000000000000000e+00,9.907786110804585045e-01,9.908222112723206187e-01,9.819812507460887741e-01,0.000000000000000000e+00,1.000000000000000000e+00,9.727227637205009270e-01,9.909906253730443870e-01,9.908651988094766550e-01,9.173999014508853467e-01,8.755543264564138450e-01,9.292007674595211819e-01,9.173999014508853467e-01,9.912267199207049906e-01,9.747461863861947018e-01,1.000000000000000000e+00,1.000000000000000000e+00,9.830969149054297196e-01,9.473603195242302766e-01,9.906439851429360566e-01,9.735659733681159000e-01,9.612216632835259844e-01,8.616791662068780111e-01,9.909075879068336423e-01,1.000000000000000000e+00,7.999669339503403531e-01,9.815572221609170089e-01,9.553571428571429047e-01,9.099062537304440923e-01,9.482450830493234228e-01,9.914451761146355624e-01,7.602438880919218933e-01,9.366457462526003308e-01,9.456963539308003153e-01,8.938011511892817174e-01,9.388645640545583149e-01,9.720685403978552852e-01,9.636303516273345693e-01,9.812879702858720021e-01,9.543259940473831637e-01,9.418324949252888656e-01,9.449332676339236015e-01,9.734502877973204571e-01,9.824534398414100922e-01,9.909906253730443870e-01,9.914451761146355624e-01,9.911500959324401894e-01,9.906439851429360566e-01,8.347998029017708044e-01,8.913927078616005195e-01,9.498885171414204187e-01,5.225031447713537336e-01,9.912267199207049906e-01,7.999319123162239586e-01,9.910714285714286031e-01,6.420662396205032429e-01,1.000000000000000000e+00,9.725955964284298538e-01,1.000000000000000000e+00,9.341844762360973498e-01,9.275951385744003463e-01,7.035002733355595339e-01,8.417217289211800235e-01,8.502071824193236926e-01,8.125000000000000000e-01,9.363531153478354963e-01,6.478058319686745836e-01,7.066637695044041267e-01,6.444409327326111603e-01,9.107142857142856984e-01,9.739041624760291782e-01,8.502071824193236926e-01,9.279250029843553182e-01,9.830288941674467651e-01,8.738687552226217514e-01,8.285814235323110122e-01,8.913927078616005195e-01,9.823773155787439704e-01,9.717933469583274197e-01,4.929074471628900334e-01,9.258750683338898835e-01,1.000000000000000000e+00,9.911500959324401894e-01
9.912158953884211421e-01,1.000000000000000000e+00,1.000000000000000000e+00,1.000000000000000000e+00,9.909876988260687414e-01,1.000000000000000000e+00,1.000000000000000000e+00,1.000000000000000000e+00,1.000000000000000000e+00,1.000000000000000000e+00,9.908253019572803577e-01,1.000000000000000000e+00,0.000000000000000000e+00,9.907407407407406996e-01,1.000000000000000000e+00,1.000000000000000000e+00,9.158841768861933907e-01,8.732707291281673889e-01,9.549384941303437069e-01,9.158841768861933907e-01,9.910657288763516926e-01,9.742827750063179915e-01,1.000000000000000000e+00,1.000000000000000000e+00,9.741801110252839013e-01,9.374601021344619589e-01,1.000000000000000000e+00,9.730809048970917585e-01,9.703825561120453802e-01,8.591409575452472192e-01,9.907407407407406996e-01,1.000000000000000000e+00,7.870370370370369795e-01,9.718281915090494216e-01,9.636303516273345693e-01,9.357771137009622819e-01,9.560794769421058215e-01,9.825763875503561451e-01,7.934067377330292770e-01,9.631332490927112522e-01,9.539165613658890930e-01,8.648154823910312317e-01,9.066140790452964504e-01,9.525933230009521191e-01,9.722222222222222099e-01,9.809446016508323041e-01,9.441854427814052597e-01,9.210201496321209769e-01,9.345765820225948595e-01,9.639507953042749655e-01,9.731971866290550777e-01,1.000000000000000000e+00,1.000000000000000000e+00,9.909876988260687414e-01,9.714169024762485671e-01,8.504607589087882502e-01,8.801830595513115973e-01,9.574741364100143315e-01,5.779638900348951225e-01,1.000000000000000000e+00,8.759847325276953756e-01,9.909075879068336423e-01,7.196139229539778581e-01,1.000000000000000000e+00,9.906975737969008211e-01,1.000000000000000000e+00,9.425515010378573422e-01,9.078331227317781860e-01,7.452376673174658794e-01,8.482986336030468033e-01,9.012966512893363369e-01,8.545214065093383882e-01,9.351851851851851194e-01,7.113248654051871345e-01,7.918019121391320914e-01,6.741247320438590318e-01,9.181682911615028919e-01,9.911417666091211220e-01,9.192427146912751645e-01,9.541265097864016775e-01,9.913587358772464331e-01,8.715542274019245639e-01,8.753113329865458425e-01,9.170498104586003452e-01,9.820539365980611723e-01,9.712757505189286711e-01,6.040950357210195243e-01,9.150792224391552931e-01,1.000000000000000000e+00,9.909876988260687414e-01
9.472953723305269635e-01,9.503096005000046809e-01,9.828551833375452906e-01,9.726001687824404884e-01,9.459261929564124483e-01,9.651527751007121791e-01,9.815666245463556816e-01,9.907407407407406996e-01,9.624375886787326362e-01,9.532689871589963282e-01,9.633012078291213198e-01,9.727227637205009270e-01,9.907407407407406996e-01,0.000000000000000000e+00,9.908253019572803577e-01,1.000000000000000000e+00,9.252303794543941251e-01,8.370623660219295159e-01,9.098769882606875248e-01,9.345765820225948595e-01,9.553286443817585738e-01,9.057035083564993760e-01,9.818958184468810080e-01,9.560794769421058215e-01,9.741801110252839013e-01,9.106572887635171476e-01,9.428338049524970232e-01,9.102696829903057507e-01,9.605100748160605439e-01,8.779221632058809011e-01,9.629629629629629095e-01,9.735371937987518098e-01,7.870370370370369795e-01,9.248751773574651613e-01,8.908910548820038189e-01,8.623795293592049216e-01,9.121589538842116429e-01,9.303055502014244693e-01,7.558443264117618021e-01,9.262664981854225044e-01,8.986164350049559157e-01,8.648154823910312317e-01,8.754854387270619709e-01,9.051866460019042382e-01,9.166666666666666297e-01,9.333061057779132863e-01,8.325563283442156681e-01,8.321678179682571175e-01,9.252303794543941251e-01,9.098769882606875248e-01,9.017230176398687291e-01,9.449518117436819242e-01,9.215937439766025419e-01,9.369138917824811896e-01,9.142507074287455904e-01,7.943835434995837330e-01,8.709663718244894381e-01,9.489689636920171090e-01,6.605361724193721251e-01,9.821314577527033851e-01,8.494100323550587417e-01,9.818151758136672846e-01,7.943835434995837330e-01,9.728437276703215675e-01,9.162781641721078341e-01,9.644159658210917918e-01,8.372292529405959138e-01,9.078331227317781860e-01,8.018515190246957580e-01,8.293359628034276954e-01,9.461618097941834060e-01,8.817986427888374612e-01,9.629629629629629095e-01,7.813067162160508561e-01,8.461144567984889564e-01,7.918019121391320914e-01,9.090758790683365342e-01,9.557088330456054992e-01,8.833505878873975092e-01,9.082530195728032441e-01,9.395111511407251426e-01,8.715542274019245639e-01,8.836239107874428456e-01,8.986164350049559157e-01,9.461618097941834060e-01,9.329767512108335659e-01,6.987679619616453675e-01,9.339505063415651787e-01,9.266024156582426397e-01,9.459261929564124483e-01
9.825922344044302204e-01,9.917939006013778425e-01,1.000000000000000000e+00,1.000000000000000000e+00,9.821400093407727239e-01,1.000000000000000000e+00,1.000000000000000000e+00,1.000000000000000000e+00,1.000000000000000000e+00,1.000000000000000000e+00,9.545454545454545858e-01,9.909906253730443870e-01,1.000000000000000000e+00,9.908253019572803577e-01,0.000000000000000000e+00,1.000000000000000000e+00,9.166523740101284456e-01,8.385504121132504318e-01,9.196300420334770909e-01,8.703481373490886686e-01,9.822946442050872751e-01,9.405411609989436927e-01,1.000000000000000000e+00,1.000000000000000000e+00,9.573598567288779115e-01,8.937678652305233173e-01,9.905593135993829845e-01,9.822178310210245566e-01,9.804353604782192200e-01,8.511225263362446336e-01,9.816506039145606044e-01,9.912596227746593991e-01,7.981566430601672035e-01,9.441709473760917515e-01,9.639625014921776591e-01,8.545454545454544970e-01,8.955534064265813221e-01,9.309420425272151300e-01,7.766837895043670059e-01,9.086748470045553638e-01,9.543374235022776819e-01,8.214000934077267946e-01,8.869040333415085797e-01,9.060525395181983077e-01,9.724759058718409621e-01,9.716779407981489536e-01,9.262602339229062398e-01,9.119591221519867119e-01,9.351740686745443343e-01,9.642800186815453367e-01,9.645892884101744391e-01,9.727272727272727737e-01,9.827355106318037548e-01,1.000000000000000000e+00,9.622372543975319381e-01,8.981306793457125570e-01,8.630122705068330458e-01,9.494350103152568998e-01,5.727272727272727515e-01,9.822946442050872751e-01,8.507853120082318199e-01,9.819812507460887741e-01,6.943920380371376710e-01,9.730917353522083868e-01,9.815650584807266155e-01,9.823704704884018701e-01,9.051269264226724509e-01,8.538797552072886488e-01,7.195159029974628195e-01,8.496840632291171591e-01,8.933069861261471178e-01,8.288218820878437976e-01,8.990783215300836018e-01,6.706220146242498625e-01,7.040090888742923658e-01,6.860702457757645867e-01,9.008968791034884793e-01,9.824453308244978089e-01,9.199802395946103939e-01,9.272727272727272485e-01,9.743129595530971576e-01,8.636363636363636465e-01,7.529001322533048768e-01,9.178073623040998719e-01,9.555445775525612806e-01,8.766650043494742528e-01,5.735985672887791154e-01,8.878063611989851500e-01,9.727272727272727737e-01,9.821400093407727239e-01
9.735248308893171831e-01,9.750389711850341312e-01,9.913876268445199758e-01,1.000000000000000000e+00,9.909456832082152999e-01,9.912475790737725889e-01,9.907403437990965900e-01,9.906975737969008211e-01,1.000000000000000000e+00,9.812204503113010068e-01,9.539126462018163721e-01,9.908651988094766550e-01,1.000000000000000000e+00,1.000000000000000000e+00,1.000000000000000000e+00,0.000000000000000000e+00,9.342715760895534682e-01,8.726799134737595054e-01,9.366197824575070996e-01,9.436613509339029093e-01,9.820481540738569270e-01,9.569381342225998788e-01,9.909057081052685678e-01,1.000000000000000000e+00,9.827064919533152754e-01,9.371685392584994112e-01,9.617115296266215418e-01,9.639405430265424179e-01,9.404889574041005451e-01,8.584842684727491680e-01,9.813951475938017532e-01,9.911379411346951107e-01,7.395320663132244343e-01,9.433937073890996672e-01,9.543259940473831637e-01,9.078252924036328553e-01,9.735248308893171831e-01,9.737427372213177668e-01,7.641404474545819836e-01,9.629613751963861379e-01,9.537017189954827279e-01,8.189136641643059988e-01,9.061787110863255279e-01,9.333212363151487390e-01,9.534878689845043276e-01,9.521394120332770106e-01,9.158878504672897103e-01,9.206519432054673935e-01,9.061022515565049229e-01,9.547284160410764997e-01,9.281926162954279302e-01,9.815650584807266155e-01,9.824951581475451778e-01,9.637827328328611998e-01,9.521394120332770106e-01,8.122045031130097348e-01,8.425858445846411415e-01,9.401862313853419639e-01,5.852138158163477932e-01,9.730722311107854461e-01,8.309089159378001410e-01,9.908651988094766550e-01,7.089169798251651056e-01,9.909057081052685678e-01,9.345794392523364413e-01,9.910625179971380705e-01,9.134255116239879957e-01,9.259227503927722758e-01,7.250906953033952052e-01,8.571169349610329169e-01,8.557621721061694497e-01,8.264387773800560000e-01,9.534878689845043276e-01,6.924020262127432712e-01,7.544541188422504430e-01,7.089826593685930600e-01,9.086519880947663275e-01,9.911004692598842647e-01,8.557621721061694497e-01,9.354777046825429876e-01,9.652738001809298973e-01,9.078252924036328553e-01,8.580273681135319741e-01,8.888841255891584137e-01,9.819702715132712090e-01,9.422836744159919231e-01,6.022493149262524437e-01,9.146833192320882322e-01,9.907825292403632522e-01,9.637827328328611998e-01
9.734002411700534152e-01,9.080455251944881123e-01,8.961651736697670012e-01,9.078096257582242146e-01,8.908368930791555895e-01,9.120639098309341053e-01,9.255741496456415529e-01,9.065379743179926564e-01,8.862546467286001040e-01,9.056603773584905870e-01,9.629566106711682227e-01,9.173999014508853467e-01,9.158841768861933907e-01,9.252303794543941251e-01,9.166523740101284456e-01,9.342715760895534682e-01,0.000000000000000000e+00,9.817258224022912261e-01,9.818061488465259501e-01,9.622641509433962348e-01,8.647275574922337338e-01,7.923303473395340024e-01,8.903549344137475785e-01,8.847343784035648362e-01,8.610008823158178393e-01,8.196367433229784227e-01,9.038283689858974679e-01,8.641406894764017688e-01,9.501740865767542843e-01,7.630305140179167722e-01,9.065379743179926564e-01,8.931548451750814799e-01,8.504607589087882502e-01,8.767758672893166683e-01,8.715109578124883294e-01,8.518264426846727799e-01,9.379338960634580058e-01,8.593022557294945907e-01,8.862546467286001040e-01,8.883612244684623294e-01,8.976644557627571075e-01,7.998676373117852290e-01,7.695798141551906113e-01,8.660149043293268178e-01,8.971917717497919220e-01,9.038283689858974679e-01,8.591533773347572733e-01,8.903829904688594921e-01,8.490566037735849392e-01,8.726430419256814286e-01,8.827638831599359248e-01,9.073915266779204458e-01,9.208575188478407281e-01,8.999338186558926145e-01,9.038283689858974679e-01,8.584905660377358805e-01,9.906967687057052219e-01,9.055646122852762936e-01,7.684788166948012256e-01,9.188365344953403069e-01,8.658788332585627412e-01,9.541110563616029827e-01,9.056603773584905870e-01,9.269032896091651264e-01,9.154920264008543640e-01,8.832659673379208431e-01,8.743594778018144442e-01,8.604515305855778839e-01,8.857091023360811333e-01,8.755852683058034103e-01,9.094271263176011422e-01,8.439775916294501856e-01,9.065379743179926564e-01,8.145726990045223381e-01,8.355324016206213678e-01,7.624356912297864941e-01,8.072664367187325496e-01,8.658788332585627412e-01,9.456562757905606631e-01,8.888698320135045572e-01,9.825551909336986967e-01,9.351740686745443343e-01,8.909217854684795546e-01,8.325418367026934385e-01,8.460261147399219528e-01,8.453655111406946920e-01,6.872519852105900551e-01,9.142818267520608222e-01,9.073915266779204458e-01,9.181276698093666644e-01
