0.000000000000000000e+00,1.000000000000000000e+00,9.440633292112977637e-01,9.764917280407259259e-01,9.479053601793233641e-01,9.544394310998485231e-01,9.549850863393656297e-01,9.360339697353099453e-01,9.144372792568781216e-01,9.440633292112977637e-01,9.682535238837336466e-01,9.758562548190816699e-01,9.773573620333518841e-01,9.755185636613723510e-01,9.781339133114431705e-01,9.324776295090484446e-01,1.000000000000000000e+00,9.772197155499242616e-01,1.000000000000000000e+00,1.000000000000000000e+00,9.581100157189518240e-01,8.786329908905897712e-01,9.673835963473278454e-01,9.627494420135043196e-01,9.344017399343296226e-01,8.743300471568554721e-01,9.549850863393656297e-01,9.378029586428877629e-01,1.000000000000000000e+00,9.767912087015238054e-01,9.654050796989167571e-01,9.453347832786080929e-01,1.000000000000000000e+00,9.887462715848414074e-01,8.988608257421580872e-01,9.481691322024063950e-01,9.777557973349935150e-01,9.672008699671648113e-01,9.476375196486898078e-01,9.687432161075940629e-01,9.247268311166154664e-01,9.110231893399741709e-01,9.404508665824585778e-01,8.288841081910139907e-01,9.010451131449529472e-01,8.046997441564972542e-01,9.557680141275171071e-01,8.860985777496213078e-01,8.762294504489447355e-01,7.282277012445516062e-01,9.263117069066796327e-01,7.806352380462275864e-01,8.993435930535376155e-01,9.547147240667037682e-01,9.076327751079787953e-01,8.918776747274083094e-01,1.000000000000000000e+00,9.894731009866685190e-01,1.000000000000000000e+00,9.223776407640108532e-01,9.647375920610888889e-01,8.523950067153783783e-01,9.555115946699870300e-01,9.892466901595164952e-01,9.374864322151880147e-01,8.440637648829099060e-01,9.760199431144416238e-01,9.166485762869174270e-01,1.000000000000000000e+00,9.790550078594759675e-01,8.848025432271175994e-01,9.135021397819266253e-01,9.144372792568781216e-01,9.351266048364449412e-01,9.565114617964372012e-01,9.453347832786080929e-01,9.572186396284391163e-01,9.578924039466740759e-01,9.888126658422595749e-01,9.682535238837336466e-01,1.000000000000000000e+00,9.781339133114432816e-01,9.285118551070041804e-01,9.423417994981946322e-01,9.393164954452948301e-01,9.303736261045714162e-01,8.590810302749527505e-01,9.105013267380763775e-01,9.767912087015238054e-01,9.532858164132947953e-01
1.000000000000000000e+00,0.000000000000000000e+00,1.000000000000000000e+00,9.881187885869560095e-01,9.789368634064432584e-01,9.884867175235374503e-01,1.000000000000000000e+00,1.000000000000000000e+00,9.783780624967794992e-01,9.773834363484049659e-01,9.144274900318883903e-01,1.000000000000000000e+00,1.000000000000000000e+00,1.000000000000000000e+00,1.000000000000000000e+00,9.886246061201677815e-01,1.000000000000000000e+00,9.769734350470747897e-01,1.000000000000000000e+00,1.000000000000000000e+00,9.894142844656033109e-01,8.568743564808321000e-01,9.780206508868071191e-01,9.623467215745896697e-01,9.115900652594929321e-01,8.729714135872392866e-01,9.317476367210064669e-01,8.742610773076137098e-01,1.000000000000000000e+00,9.530805911151412069e-01,9.533747595879843439e-01,9.557950326297465216e-01,9.889487581574366581e-01,1.000000000000000000e+00,7.853115347212482611e-01,8.952175644230113694e-01,9.550306249586711926e-01,9.447437907871830687e-01,9.788285689312065108e-01,9.157474536257730335e-01,9.782608695652174058e-01,9.662729687190033667e-01,9.759228293828461354e-01,9.084298456498960395e-01,8.999752994932629369e-01,8.589916633406977642e-01,1.000000000000000000e+00,9.884867175235374503e-01,9.165942343771701362e-01,8.880809224609840236e-01,9.574371734620625851e-01,7.379479596707647637e-01,8.168596912997920789e-01,9.885562848219207055e-01,9.792520403318365485e-01,9.781417501506013412e-01,9.790435128846022295e-01,1.000000000000000000e+00,1.000000000000000000e+00,8.430769114701853750e-01,1.000000000000000000e+00,7.948489421871309801e-01,9.550306249586711926e-01,9.891304347826086474e-01,9.368105902193297752e-01,9.211889593760899109e-01,9.878803458609070054e-01,9.368105902193297752e-01,1.000000000000000000e+00,9.894142844656033109e-01,9.153142757248262651e-01,9.453543753765032420e-01,9.675670937451692488e-01,9.453543753765032420e-01,8.791135798774390997e-01,9.336925489446197268e-01,9.351341874903383866e-01,9.680778800965469388e-01,9.886917181742025384e-01,9.251240537779022999e-01,9.885562848219207055e-01,9.889487581574366581e-01,8.761239791476999050e-01,9.417184494849804022e-01,9.386604384917851540e-01,9.882701477787853017e-01,7.558129217330560312e-01,9.208420272194174361e-01,9.530805911151412069e-01,9.881951958837528194e-01
9.440633292112977637e-01,1.000000000000000000e+00,0.000000000000000000e+00,1.000000000000000000e+00,9.890433573021804037e-01,9.880220192454853834e-01,1.000000000000000000e+00,1.000000000000000000e+00,1.000000000000000000e+00,1.000000000000000000e+00,9.554868092740274044e-01,1.000000000000000000e+00,1.000000000000000000e+00,1.000000000000000000e+00,1.000000000000000000e+00,1.000000000000000000e+00,9.884375677484279477e-01,9.281321154729120781e-01,9.563953373221514287e-01,9.662580391189445894e-01,9.889870245776573032e-01,8.830052018018328397e-01,1.000000000000000000e+00,1.000000000000000000e+00,9.770054174603415298e-01,9.118961966212588699e-01,9.289928397503273150e-01,9.018895089748406591e-01,9.884375677484279477e-01,1.000000000000000000e+00,9.878732187481833460e-01,1.000000000000000000e+00,9.770054174603415298e-01,1.000000000000000000e+00,8.298257480753932214e-01,9.236918403137650557e-01,9.766077871411227296e-01,9.540108349206830596e-01,9.559480983106294349e-01,8.904335730218042588e-01,9.773834363484049659e-01,9.766077871411227296e-01,9.749510283565939739e-01,9.576595100780029846e-01,9.075005419874239143e-01,9.119801770076860770e-01,9.767426136984517226e-01,9.760440384909706557e-01,9.349208626544031064e-01,8.729785302340088426e-01,9.778596278614976045e-01,7.797996813833900642e-01,7.565421829485169392e-01,9.761887888283105053e-01,9.460365316952894510e-01,9.886297545222779704e-01,9.236918403137650557e-01,9.778596278614976045e-01,1.000000000000000000e+00,8.469467435064867988e-01,1.000000000000000000e+00,7.186586749578538491e-01,9.415194678528069350e-01,9.660751545226075043e-01,1.000000000000000000e+00,9.487549961443257907e-01,9.747823465069654914e-01,9.671300719065412110e-01,9.349208626544031064e-01,9.449351228882867382e-01,9.669610737329721317e-01,9.886297545222779704e-01,9.662580391189445894e-01,9.658892635668339111e-01,9.085340879239952594e-01,9.655081261905122947e-01,9.662580391189445894e-01,9.778596278614976045e-01,9.647058823529411908e-01,8.998453208665616598e-01,9.880943944141552526e-01,9.770054174603415298e-01,9.248223940679184407e-01,9.757464374963666920e-01,9.787282185094241527e-01,9.877967083282943594e-01,7.988826728705140656e-01,8.941176470588235725e-01,9.633901249848829673e-01,9.754374624605463007e-01
9.764917280407259259e-01,9.881187885869560095e-01,1.000000000000000000e+00,0.000000000000000000e+00,9.769764867421319998e-01,9.874151596291929067e-01,1.000000000000000000e+00,1.000000000000000000e+00,9.881828387107721712e-01,1.000000000000000000e+00,9.298473493367598319e-01,1.000000000000000000e+00,1.000000000000000000e+00,1.000000000000000000e+00,1.000000000000000000e+00,1.000000000000000000e+00,9.878517617312534416e-01,9.496606385167718489e-01,9.656395933627974770e-01,9.763656774215444534e-01,9.884290565715290189e-01,9.106019687464651513e-01,1.000000000000000000e+00,1.000000000000000000e+00,9.396010152742405586e-01,9.537162262861159645e-01,9.751317634349002672e-01,9.312791867255950651e-01,9.878517617312534416e-01,9.871784334242705850e-01,1.000000000000000000e+00,1.000000000000000000e+00,9.879202030548480673e-01,1.000000000000000000e+00,8.659029531196977825e-01,9.541861244837300804e-01,9.877113150044947165e-01,9.758404061096962456e-01,9.768581131430580378e-01,9.424412168553299995e-01,9.881187885869560095e-01,9.877113150044947165e-01,9.736819322016092570e-01,9.443929325598912072e-01,9.028140938500275325e-01,8.869697295228631262e-01,9.877821437500281521e-01,9.748303192583859245e-01,9.544157694161448102e-01,8.776644516317606559e-01,9.651068421100573724e-01,7.796603048475794218e-01,8.331787976796736217e-01,9.874912016569092899e-01,9.886604988204891198e-01,9.641610567139817789e-01,9.541861244837300804e-01,9.883689473700191241e-01,1.000000000000000000e+00,8.927949075513940125e-01,1.000000000000000000e+00,7.757552357674447618e-01,9.877113150044947165e-01,9.881187885869560095e-01,9.654647301131979997e-01,9.569269507746052117e-01,1.000000000000000000e+00,9.539529734842639996e-01,9.430197117701810683e-01,9.421452828576449834e-01,9.537162262861159645e-01,1.000000000000000000e+00,9.527313548430889067e-01,9.880536855713272226e-01,9.159125034817477973e-01,9.637606091645443129e-01,1.000000000000000000e+00,1.000000000000000000e+00,9.629177199629991302e-01,8.713868071173931362e-01,9.874912016569092899e-01,9.758404061096962456e-01,9.435811076111420004e-01,9.745176404281187255e-01,9.664757382799243901e-01,1.000000000000000000e+00,7.664503167515430704e-01,9.629177199629991302e-01,9.615353002728118659e-01,9.870965056476872501e-01
9.479053601793233641e-01,9.789368634064432584e-01,9.890433573021804037e-01,9.769764867421319998e-01,0.000000000000000000e+00,9.776894625873420175e-01,9.889783321455648535e-01,9.874705997241852717e-01,9.581008242796134056e-01,9.561734292087217257e-01,9.378163214191418406e-01,9.881770587342518786e-01,9.778242706941048246e-01,9.880116948814758882e-01,9.892924044429162178e-01,9.669349964366945605e-01,9.246221638555590649e-01,8.884473129367099764e-01,9.187806794835770008e-01,9.266764424893233487e-01,9.589738195075577787e-01,9.108517541780881688e-01,9.787041145000020537e-01,9.756783848354643185e-01,9.464620222145813111e-01,8.974345487688946132e-01,9.779566642911297070e-01,9.593903397417884449e-01,9.353904261619078175e-01,9.431744797017335147e-01,9.774123024273687621e-01,9.571696177716650933e-01,9.785848088858325466e-01,9.889783321455648535e-01,7.919874264155390975e-01,8.883234342899183344e-01,9.455362248812125836e-01,9.250468311004138577e-01,9.487172743844473066e-01,9.183673469387755306e-01,9.578737268128865168e-01,9.346434698574551669e-01,9.416788156480195848e-01,9.211353646465880729e-01,9.353904261619078175e-01,9.180258511775707397e-01,9.241901956421096909e-01,9.107578503493679589e-01,9.090862709903010375e-01,8.521288087123526367e-01,9.690705212934128676e-01,7.949242218926010350e-01,8.521288087123526367e-01,9.667364060411571813e-01,9.396916390231178084e-01,9.470536202384928215e-01,8.883234342899183344e-01,9.587606950578838605e-01,1.000000000000000000e+00,8.764646947415627443e-01,1.000000000000000000e+00,7.921931823317922561e-01,9.346434698574551669e-01,9.262790219225514043e-01,9.081632653061224580e-01,9.140946008138636225e-01,9.530288607698979009e-01,9.081632653061224580e-01,9.191877964358231567e-01,9.589738195075577787e-01,9.589738195075577787e-01,9.788214480953970620e-01,9.162016485592267001e-01,9.152857923815884700e-01,8.935205725000100463e-01,9.250468311004138577e-01,9.371512364194199973e-01,9.484508688223548534e-01,9.123468584174433404e-01,8.549047499779977022e-01,9.223849474293667194e-01,9.785848088858325466e-01,8.799759927975991936e-01,9.661184536410530876e-01,9.306624754718463288e-01,9.772697918806934059e-01,8.422707292931761458e-01,9.671300719065412110e-01,9.659046878210401088e-01,9.656868241846241485e-01
9.544394310998485231e-01,9.884867175235374503e-01,9.880220192454853834e-01,9.874151596291929067e-01,9.776894625873420175e-01,0.000000000000000000e+00,9.879509326822030202e-01,9.863026549730251613e-01,9.885487841885021165e-01,1.000000000000000000e+00,8.753696093454282900e-01,9.741499350031611604e-01,1.000000000000000000e+00,9.737883780736031891e-01,9.882942816474795666e-01,1.000000000000000000e+00,9.764559195325994700e-01,8.780487804878048808e-01,9.445060701489977895e-01,9.656463525655062385e-01,1.000000000000000000e+00,9.025416815895527245e-01,9.767189901410140429e-01,9.867056065259162123e-01,9.648828449424386999e-01,9.327242640940307528e-01,9.277055960932180101e-01,9.223084982085968386e-01,9.529118390651989401e-01,9.627264478397180580e-01,9.876533800418800801e-01,9.531771265899182666e-01,9.648828449424386999e-01,1.000000000000000000e+00,8.159120652247108252e-01,8.446169964171936773e-01,9.285511737655688380e-01,9.531771265899182666e-01,9.327242640940307528e-01,8.661367755240518829e-01,1.000000000000000000e+00,9.523674491770458550e-01,9.617453972161996711e-01,8.598988253420611905e-01,8.822795976629972392e-01,8.506408693424891698e-01,9.526419906615560818e-01,9.390243902439023849e-01,9.668705421775460884e-01,8.383447984716091428e-01,9.774582591333141890e-01,7.117528983466101522e-01,7.305746641193484603e-01,1.000000000000000000e+00,9.011048721254951710e-01,9.536945222878708828e-01,8.890121402979954679e-01,9.211039069665997170e-01,9.868009080662886179e-01,8.026180418984945053e-01,9.748303192583859245e-01,6.641719371391395788e-01,9.404593114713073465e-01,9.194070226647618194e-01,9.330683877620259414e-01,8.643476209414266975e-01,9.743251917018451724e-01,9.553789251746840350e-01,9.226979317476073916e-01,9.439368867450256273e-01,8.878737734900512546e-01,9.305417834318063797e-01,8.969390576965186046e-01,9.073890445757417655e-01,8.370329309870984114e-01,8.712370981222752331e-01,8.625854102620248431e-01,9.323747773999425670e-01,9.520880769819413114e-01,8.640395738313763063e-01,9.878785652608622625e-01,9.414714082373978332e-01,9.453282478949130985e-01,9.629601401256403514e-01,9.350277877263685200e-01,9.627264478397180580e-01,7.844597312954788570e-01,9.401100962274266948e-01,9.751509652264787054e-01,9.499843676719644803e-01
9.549850863393656297e-01,1.000000000000000000e+00,1.000000000000000000e+00,1.000000000000000000e+00,9.889783321455648535e-01,9.879509326822030202e-01,0.000000000000000000e+00,1.000000000000000000e+00,1.000000000000000000e+00,1.000000000000000000e+00,9.216396090030620769e-01,1.000000000000000000e+00,1.000000000000000000e+00,1.000000000000000000e+00,1.000000000000000000e+00,1.000000000000000000e+00,9.883689473700191241e-01,9.397546634110149899e-01,9.561365536693486877e-01,9.660577883348935302e-01,9.889216650992668223e-01,8.930098768722717351e-01,1.000000000000000000e+00,1.000000000000000000e+00,9.537378997940775260e-01,9.113733207941344672e-01,9.523809523809523281e-01,8.903413841733718304e-01,9.767378947400382483e-01,1.000000000000000000e+00,1.000000000000000000e+00,9.884344749485193260e-01,9.768689498970387630e-01,1.000000000000000000e+00,7.753207414317707658e-01,9.122731073386974865e-01,9.882344798666247154e-01,9.653034248455580890e-01,9.335299905956008226e-01,8.677399857467783528e-01,9.772492122403354520e-01,9.764689597332494309e-01,9.622035526990773135e-01,9.361123435000060500e-01,8.836894737001911304e-01,8.917817550481581534e-01,9.883022932276067651e-01,1.000000000000000000e+00,9.127128439056030329e-01,8.935205725000100463e-01,9.888641149203156733e-01,7.363010036828809834e-01,7.338014312500249492e-01,1.000000000000000000e+00,9.457162709115065624e-01,9.771245494564161360e-01,9.232389689213602590e-01,9.888641149203156733e-01,1.000000000000000000e+00,8.255101952803066689e-01,1.000000000000000000e+00,7.169889788449254064e-01,9.294068791997482926e-01,9.658738183605032335e-01,9.889783321455648535e-01,9.381410425868258463e-01,9.619490282926119740e-01,9.559133285822594139e-01,9.345346329292023579e-01,9.556866603970672891e-01,9.556866603970672891e-01,9.656868241846241485e-01,9.773718588899289461e-01,9.656868241846241485e-01,8.964901660986468457e-01,9.306068496911162891e-01,9.434296472248224763e-01,9.665923447609469088e-01,9.881654732917212192e-01,9.104452674320709926e-01,9.880237373808674617e-01,9.768689498970387630e-01,9.459830230373196258e-01,9.878012490881433738e-01,9.893009876872271846e-01,1.000000000000000000e+00,7.444493740000239779e-01,9.289928397503274260e-01,9.508971383859763371e-01,9.876458447223149806e-01
9.360339697353099453e-01,1.000000000000000000e+00,1.000000000000000000e+00,1.000000000000000000e+00,9.874705997241852717e-01,9.863026549730251613e-01,1.000000000000000000e+00,0.000000000000000000e+00,1.000000000000000000e+00,1.000000000000000000e+00,9.490972189619377719e-01,1.000000000000000000e+00,1.000000000000000000e+00,1.000000000000000000e+00,1.000000000000000000e+00,1.000000000000000000e+00,9.867778528663013748e-01,9.452106198921006452e-01,9.501361605328823012e-01,9.742763943524563874e-01,1.000000000000000000e+00,9.148617553031590521e-01,1.000000000000000000e+00,9.850679726642112000e-01,9.605570332864862282e-01,9.622185423674443072e-01,9.729334019019616475e-01,9.501361605328823012e-01,9.867778528663013748e-01,9.860450020819111483e-01,1.000000000000000000e+00,9.868523444288287427e-01,9.737046888576574855e-01,1.000000000000000000e+00,8.662113297621070185e-01,9.376702006661028488e-01,9.866249905956931965e-01,9.474093777153149709e-01,9.622185423674443072e-01,8.872353975176676677e-01,9.741369699944064653e-01,9.598749717870795894e-01,9.570331075576340440e-01,9.636863480398718540e-01,9.471114114652054994e-01,9.664484938530629732e-01,9.867020806291630919e-01,1.000000000000000000e+00,9.751930530821583121e-01,9.273726960797437080e-01,9.873407579114541477e-01,8.201366442452768801e-01,7.700135375858551123e-01,9.727708382895957628e-01,9.629742478617736579e-01,9.869976268503305450e-01,9.127382809325439439e-01,9.873407579114541477e-01,1.000000000000000000e+00,8.833179367675108029e-01,1.000000000000000000e+00,8.114019332834221387e-01,9.732499811913863930e-01,9.741369699944064653e-01,9.874705997241852717e-01,9.648394576796128774e-01,1.000000000000000000e+00,9.749411994483705435e-01,9.131756857875541478e-01,9.244370847348886144e-01,9.622185423674443072e-01,9.869976268503305450e-01,9.871381971762281937e-01,9.869976268503305450e-01,9.477023639631508845e-01,9.868523444288287427e-01,9.614145915286845812e-01,9.873407579114541477e-01,9.730930882401475079e-01,9.363715237024221594e-01,9.863854191447979369e-01,1.000000000000000000e+00,9.631561936908193955e-01,1.000000000000000000e+00,9.878373936147369916e-01,1.000000000000000000e+00,8.426408415061112933e-01,9.327327206003687143e-01,9.860450020819111483e-01,1.000000000000000000e+00
9.144372792568781216e-01,9.783780624967794992e-01,1.000000000000000000e+00,9.881828387107721712e-01,9.581008242796134056e-01,9.885487841885021165e-01,1.000000000000000000e+00,1.000000000000000000e+00,0.000000000000000000e+00,1.000000000000000000e+00,8.616943011763141813e-01,9.878633984061778728e-01,9.886179764582859741e-01,1.000000000000000000e+00,9.780166680383349798e-01,9.886859294449644731e-01,9.557842311714618289e-01,8.854878418850207211e-01,9.166259467359036961e-01,9.247311827956989916e-01,9.894713507332665303e-01,8.576459289131352914e-01,9.890695694036008012e-01,9.625497056863431267e-01,9.340500041150048283e-01,8.947135073326655252e-01,9.094874355597158955e-01,8.645171634458435062e-01,9.336763467571926878e-01,9.300002916648437701e-01,9.652195828179873649e-01,9.450416700958373939e-01,9.670250020575024141e-01,9.660577883348934192e-01,6.746192660871663804e-01,8.228301368137953542e-01,9.105460984633703125e-01,9.010750061725072424e-01,9.368281043995992929e-01,8.114537092582601030e-01,9.567561249935589984e-01,9.440913115396064592e-01,1.000000000000000000e+00,8.886842642015320148e-01,8.673526935143853756e-01,8.317021859640356674e-01,9.666481327017465430e-01,9.770975683770041220e-01,9.274133813688703043e-01,8.988038765468472358e-01,9.576666243332698780e-01,6.892376973911709115e-01,6.255743432233349388e-01,9.658539293748579224e-01,9.380916699575170270e-01,9.565191704800399819e-01,8.853606767618675821e-01,9.576666243332698780e-01,9.876060566796041051e-01,7.853939382774973721e-01,1.000000000000000000e+00,6.290088833918653366e-01,9.105460984633703125e-01,9.351341874903383866e-01,9.266764424893233487e-01,8.824207297495569868e-01,9.517827255984745438e-01,8.952520606990334029e-01,9.274133813688703043e-01,9.157708058661324646e-01,8.947135073326655252e-01,9.565191704800399819e-01,9.569892473118279952e-01,9.021681335800899593e-01,8.032522492648140888e-01,9.450416700958373939e-01,8.924731182795698770e-01,9.364999364999047060e-01,9.325160782378891788e-01,8.616943011763141813e-01,9.658539293748579224e-01,9.450416700958373939e-01,8.562570758188039477e-01,9.072522208479663064e-01,9.186548165217915951e-01,9.650001458324218850e-01,6.761724049499113764e-01,9.100214376505190161e-01,9.300002916648437701e-01,9.530353364215768952e-01
9.440633292112977637e-01,9.773834363484049659e-01,1.000000000000000000e+00,1.000000000000000000e+00,9.561734292087217257e-01,1.000000000000000000e+00,1.000000000000000000e+00,1.000000000000000000e+00,1.000000000000000000e+00,0.000000000000000000e+00,8.998453208665616598e-01,1.000000000000000000e+00,1.000000000000000000e+00,1.000000000000000000e+00,1.000000000000000000e+00,1.000000000000000000e+00,9.768751354968560063e-01,8.921981732093680062e-01,9.563953373221514287e-01,9.775053594126297263e-01,9.779740491553147175e-01,8.510975295659690687e-01,9.885667609904994491e-01,9.738846417752146101e-01,9.655081261905122947e-01,9.118961966212588699e-01,8.934892596254910835e-01,8.582848462969920877e-01,9.421878387421399603e-01,9.755934166565887189e-01,9.757464374963666920e-01,9.770054174603415298e-01,9.770054174603415298e-01,9.763309465834424383e-01,7.128309498772260611e-01,8.364825149580679131e-01,9.298233614233684108e-01,9.195189611111953543e-01,9.449351228882867382e-01,8.246937168348866809e-01,9.660751545226075043e-01,9.649116807116842054e-01,1.000000000000000000e+00,9.259041426365051120e-01,8.728132452327079793e-01,8.435203146803307295e-01,9.534852273969034453e-01,9.760440384909706557e-01,9.132278168725375123e-01,8.729785302340088426e-01,9.667894417922464623e-01,7.063995751778535670e-01,7.459570604680176853e-01,1.000000000000000000e+00,9.460365316952894510e-01,1.000000000000000000e+00,9.018895089748406591e-01,9.889298139307488578e-01,9.870359255289566924e-01,7.755218904761806975e-01,1.000000000000000000e+00,6.022415749404139707e-01,9.298233614233684108e-01,9.321503090452148976e-01,9.671300719065412110e-01,8.360159876618424857e-01,9.747823465069654914e-01,9.233035011152629368e-01,9.349208626544031064e-01,9.449351228882867382e-01,9.229091720436015667e-01,9.658892635668339111e-01,9.550107188252594526e-01,8.976677907005015111e-01,8.170681758479905188e-01,8.965243785715368841e-01,8.987741173568338793e-01,9.335788835844928135e-01,9.647058823529411908e-01,8.664604278220822131e-01,9.880943944141552526e-01,9.540108349206830596e-01,8.818637621067288990e-01,9.151125312372834220e-01,9.680923277641362290e-01,9.755934166565887189e-01,6.189355907020265279e-01,9.294117647058823817e-01,9.145769582980604051e-01,9.754374624605463007e-01
9.682535238837336466e-01,9.144274900318883903e-01,9.554868092740274044e-01,9.298473493367598319e-01,9.378163214191418406e-01,8.753696093454282900e-01,9.216396090030620769e-01,9.490972189619377719e-01,8.616943011763141813e-01,8.998453208665616598e-01,0.000000000000000000e+00,9.519673266694231861e-01,9.549536981671724600e-01,9.512955084016553320e-01,9.564986048742927238e-01,9.104452674320709926e-01,9.781260680370096328e-01,9.660098934578440488e-01,9.381311775110253715e-01,9.361666005429142290e-01,9.062449133230205955e-01,8.390312726828932366e-01,9.567409543651299586e-01,9.876486720836696875e-01,9.238725585300122667e-01,9.583310725880092029e-01,8.880565842900887130e-01,9.071967662665381127e-01,1.000000000000000000e+00,9.884568416945697100e-01,9.885292133064719211e-01,9.564986048742927238e-01,9.564986048742927238e-01,9.664169752870266361e-01,9.496972727134040948e-01,9.484426479258545317e-01,9.446829545239820991e-01,9.347479073114390857e-01,9.062449133230205955e-01,8.652686964081406362e-01,9.144274900318883903e-01,9.004293181431677340e-01,8.815302244481815208e-01,8.998747651356482358e-01,8.906303401850481638e-01,9.074906474098685116e-01,8.900035748257282275e-01,9.206897514016361139e-01,8.768825977497815005e-01,8.397996242170371328e-01,8.743438275124912895e-01,8.710594077088844589e-01,8.898622416492130149e-01,8.986458208761379796e-01,8.468670074987370011e-01,8.924482450704191994e-01,9.793770591703417905e-01,9.371719137562456448e-01,9.264232792618041223e-01,9.324388527578577612e-01,9.064631324490131092e-01,8.990570770969528169e-01,9.778731818095928174e-01,9.786068725079720698e-01,9.378163214191418406e-01,9.321379107461703617e-01,8.926591952510434247e-01,8.963605356985697714e-01,9.384412988748908058e-01,9.270793770290159941e-01,9.687483044410069022e-01,9.354689470422514752e-01,9.361666005429142290e-01,9.784896490140838621e-01,9.242966701389774276e-01,9.782493024371463619e-01,1.000000000000000000e+00,1.000000000000000000e+00,9.554868092740274044e-01,9.263157894736842035e-01,9.662152736253792895e-01,9.456232560928659048e-01,8.984130055535627379e-01,9.541168532258876844e-01,9.496972727134040948e-01,9.422842084728486611e-01,8.998747651356482358e-01,8.219472370961097285e-01,9.422842084728486611e-01,9.302984964642677657e-01
9.758562548190816699e-01,1.000000000000000000e+00,1.000000000000000000e+00,1.000000000000000000e+00,9.881770587342518786e-01,9.741499350031611604e-01,1.000000000000000000e+00,1.000000000000000000e+00,9.878633984061778728e-01,1.000000000000000000e+00,9.519673266694231861e-01,0.000000000000000000e+00,1.000000000000000000e+00,1.000000000000000000e+00,1.000000000000000000e+00,1.000000000000000000e+00,1.000000000000000000e+00,9.612249025047416850e-01,9.764738442253138029e-01,9.635901952185337294e-01,9.762325440063138737e-01,8.508012266384111788e-01,1.000000000000000000e+00,1.000000000000000000e+00,9.379683160492946481e-01,9.762325440063138737e-01,9.744595277880601092e-01,9.294215326759414086e-01,9.875233717873512784e-01,1.000000000000000000e+00,1.000000000000000000e+00,1.000000000000000000e+00,9.751873264197178370e-01,1.000000000000000000e+00,8.622780553585334129e-01,9.529476884506276058e-01,9.747582570378587885e-01,9.875936632098589740e-01,9.643488160094708661e-01,9.054164698740150286e-01,9.877976168859154971e-01,9.747582570378587885e-01,9.729705048640205911e-01,9.428897679566581314e-01,9.376168589367562811e-01,9.050207964099470370e-01,9.874518718999233391e-01,9.741499350031611604e-01,9.765917705607738419e-01,8.515133966873109639e-01,9.641636138074377582e-01,7.737041045714719845e-01,8.515133966873109639e-01,9.743061301793446427e-01,9.650619117265025748e-01,9.754615080243516090e-01,9.647107663379707043e-01,9.880545379358125491e-01,9.860109072401866959e-01,8.678763404476523835e-01,1.000000000000000000e+00,8.010989094157188184e-01,9.747582570378587885e-01,1.000000000000000000e+00,9.645311762027556357e-01,9.336439067194286512e-01,9.727884860051640992e-01,9.408852936712593928e-01,9.648876558411608739e-01,9.524650880126277475e-01,9.524650880126277475e-01,1.000000000000000000e+00,9.878633984061778728e-01,9.754615080243516090e-01,9.136394588102794145e-01,9.503746528394356741e-01,9.757267968123558566e-01,9.880545379358125491e-01,9.873051051775613152e-01,9.519673266694231861e-01,9.871530650896722658e-01,9.751873264197178370e-01,9.304671974059480766e-01,9.607432058057340241e-01,9.655695138396334087e-01,9.868318421379131955e-01,8.172472574613058871e-01,9.619153155326840565e-01,9.473273685516526710e-01,1.000000000000000000e+00
9.773573620333518841e-01,1.000000000000000000e+00,1.000000000000000000e+00,1.000000000000000000e+00,9.778242706941048246e-01,1.000000000000000000e+00,1.000000000000000000e+00,1.000000000000000000e+00,9.886179764582859741e-01,1.000000000000000000e+00,9.549536981671724600e-01,1.000000000000000000e+00,0.000000000000000000e+00,1.000000000000000000e+00,1.000000000000000000e+00,1.000000000000000000e+00,1.000000000000000000e+00,9.515142610434490500e-01,9.779365535892834416e-01,9.658539293748579224e-01,9.777102559101477075e-01,8.708407453271147514e-01,1.000000000000000000e+00,1.000000000000000000e+00,9.767300234220922528e-01,9.665653838652215057e-01,9.281424242852044371e-01,9.007144911517757091e-01,1.000000000000000000e+00,1.000000000000000000e+00,1.000000000000000000e+00,9.883650117110461819e-01,9.883650117110461819e-01,1.000000000000000000e+00,8.277876604361529278e-01,9.558731071785669942e-01,9.881638154466885204e-01,9.767300234220922528e-01,9.554205118202953040e-01,8.780334888175762575e-01,9.656688544657618944e-01,9.881638154466885204e-01,9.873255149895104887e-01,9.464405253344596591e-01,9.297945434198636727e-01,8.812346797546658506e-01,9.764640721975716975e-01,9.878785652608622625e-01,9.341414440061858171e-01,8.714572608027033596e-01,9.663916963788834469e-01,7.453285232196911192e-01,7.857621013378388586e-01,9.879518072289156239e-01,9.563121916617518536e-01,9.769871581277610462e-01,9.448413839732087149e-01,9.887972321262944453e-01,1.000000000000000000e+00,8.244621990425264890e-01,1.000000000000000000e+00,7.349244254161393375e-01,9.763276308933769299e-01,9.771125696438413000e-01,9.556485413882095381e-01,9.170260186354977083e-01,9.617204918732074059e-01,9.334728120823143627e-01,9.670707220030928530e-01,9.665653838652215057e-01,9.442756397753692132e-01,1.000000000000000000e+00,9.886179764582859741e-01,9.769871581277610462e-01,9.421491554582813732e-01,9.650950351331384347e-01,9.772359529165719483e-01,1.000000000000000000e+00,1.000000000000000000e+00,9.211689717925517495e-01,1.000000000000000000e+00,9.883650117110461819e-01,9.239220313651886896e-01,9.631839479744638277e-01,1.000000000000000000e+00,1.000000000000000000e+00,7.322026266722985177e-01,9.166607608990866574e-01,9.382527795657504832e-01,9.875716449243796546e-01
9.755185636613723510e-01,1.000000000000000000e+00,1.000000000000000000e+00,1.000000000000000000e+00,9.880116948814758882e-01,9.737883780736031891e-01,1.000000000000000000e+00,1.000000000000000000e+00,1.000000000000000000e+00,1.000000000000000000e+00,9.512955084016553320e-01,1.000000000000000000e+00,1.000000000000000000e+00,0.000000000000000000e+00,1.000000000000000000e+00,1.000000000000000000e+00,9.873488650157685731e-01,9.344709451840078618e-01,9.880723955505914535e-01,9.876936474826090162e-01,9.759001158900391104e-01,9.185385387797476708e-01,1.000000000000000000e+00,1.000000000000000000e+00,9.622604187485225280e-01,9.518002317800781098e-01,9.352557525945411898e-01,9.403619777529572676e-01,9.746977300315371462e-01,9.866476631532516972e-01,1.000000000000000000e+00,1.000000000000000000e+00,9.874201395828408057e-01,1.000000000000000000e+00,8.370770775594953417e-01,9.284343733035487212e-01,9.744052085219963022e-01,9.874201395828408057e-01,9.518002317800781098e-01,8.921052539332827713e-01,9.752538917928025297e-01,9.360130213049908665e-01,9.588886774103481114e-01,9.305091815916782805e-01,9.493954600630742924e-01,8.822906517408972693e-01,9.872763650813478620e-01,1.000000000000000000e+00,9.643965502541843593e-01,8.726001662514101254e-01,9.757749208444245204e-01,7.590659219637154731e-01,8.494365601153028855e-01,9.869733789519014033e-01,9.527643245375214676e-01,9.875591478321569250e-01,1.000000000000000000e+00,1.000000000000000000e+00,9.858152460909339609e-01,8.213711564675444388e-01,9.864753678100502965e-01,7.240126559341768520e-01,9.488104170439926044e-01,9.628808376892037391e-01,9.880116948814758882e-01,9.102877391967486576e-01,9.862039434530489590e-01,9.520467795259034416e-01,9.881321834180614161e-01,9.759001158900391104e-01,9.638501738350586656e-01,1.000000000000000000e+00,9.876936474826090162e-01,1.000000000000000000e+00,9.249413374959198908e-01,9.622604187485225280e-01,9.876936474826090162e-01,9.757749208444245204e-01,9.871275455778611985e-01,9.269432626024830535e-01,9.869733789519014033e-01,9.622604187485225280e-01,9.764982211417914115e-01,9.734627553782861931e-01,9.767252967942136044e-01,9.732953263065033944e-01,8.146911509111419702e-01,9.485101823114446828e-01,9.332383157662585971e-01,9.865623438388305688e-01
9.781339133114431705e-01,1.000000000000000000e+00,1.000000000000000000e+00,1.000000000000000000e+00,9.892924044429162178e-01,9.882942816474795666e-01,1.000000000000000000e+00,1.000000000000000000e+00,9.780166680383349798e-01,1.000000000000000000e+00,9.564986048742927238e-01,1.000000000000000000e+00,1.000000000000000000e+00,1.000000000000000000e+00,0.000000000000000000e+00,1.000000000000000000e+00,1.000000000000000000e+00,9.297656898848773999e-01,9.893466204649901119e-01,9.890083340191674344e-01,1.000000000000000000e+00,9.168469250073936205e-01,1.000000000000000000e+00,1.000000000000000000e+00,9.775280898876403946e-01,9.784747043497155072e-01,9.537378997940775260e-01,8.828128251148912309e-01,9.774007692647215251e-01,9.761481842039522183e-01,9.762977268430010902e-01,9.887640449438201973e-01,9.775280898876403946e-01,1.000000000000000000e+00,8.025114468925599320e-01,9.041195841849110071e-01,9.657092467027446059e-01,9.775280898876403946e-01,9.784747043497155072e-01,9.143392355433300756e-01,9.889487581574366581e-01,9.428487445045743431e-01,9.755203975455157828e-01,9.275883594103552232e-01,9.096030770588862113e-01,8.757501728422336651e-01,9.659068895783107234e-01,9.531771265899182666e-01,9.258001483995548231e-01,8.551767188207104464e-01,9.567257677592084786e-01,7.643101153499650691e-01,8.034541183995355107e-01,9.883650117110461819e-01,9.578105075139971003e-01,9.888882029543195618e-01,9.467331023249505595e-01,9.891814419398020641e-01,1.000000000000000000e+00,8.005675747671289200e-01,1.000000000000000000e+00,7.440154499044122627e-01,9.771394978018297373e-01,9.557950326297465216e-01,9.571696177716650933e-01,9.298877304811872246e-01,9.630333248127419532e-01,9.250468311004138577e-01,9.682000635998091465e-01,9.677120565245732609e-01,9.677120565245732609e-01,9.888882029543195618e-01,9.670250020575024141e-01,9.444410147715976978e-01,8.770930540884349647e-01,9.101123595505618002e-01,9.670250020575024141e-01,9.891814419398020641e-01,9.885027087301707649e-01,8.803711634043049905e-01,9.883650117110461819e-01,9.550561797752809001e-01,9.475222851775609856e-01,9.762977268430010902e-01,9.792117312518484606e-01,9.880740921019760536e-01,8.137986384837705423e-01,9.425135436508538245e-01,9.642222763059282720e-01,9.759957748845368153e-01
9.324776295090484446e-01,9.886246061201677815e-01,1.000000000000000000e+00,1.000000000000000000e+00,9.669349964366945605e-01,1.000000000000000000e+00,1.000000000000000000e+00,1.000000000000000000e+00,9.886859294449644731e-01,1.000000000000000000e+00,9.104452674320709926e-01,1.000000000000000000e+00,1.000000000000000000e+00,1.000000000000000000e+00,1.000000000000000000e+00,0.000000000000000000e+00,1.000000000000000000e+00,9.277055960932180101e-01,9.451706920866859152e-01,9.547437177798580032e-01,9.889216650992668223e-01,8.823108645594990307e-01,1.000000000000000000e+00,9.868648265626817073e-01,9.653034248455580890e-01,9.667649952978004668e-01,9.523809523809523281e-01,8.793755225907090578e-01,9.883689473700191241e-01,1.000000000000000000e+00,1.000000000000000000e+00,9.884344749485193260e-01,9.768689498970387630e-01,9.880952380952381375e-01,7.646217291189979504e-01,8.684096610080462852e-01,9.647034395998741463e-01,9.537378997940775260e-01,9.446083254963340003e-01,9.118266571645189389e-01,9.544984244806710150e-01,9.764689597332494309e-01,1.000000000000000000e+00,8.935205725000100463e-01,8.836894737001911304e-01,8.425916437064119302e-01,9.649068796828201844e-01,9.759018653644060404e-01,9.454455274410018539e-01,8.509288015000140426e-01,9.665923447609469088e-01,6.941091642721418653e-01,7.444493740000239779e-01,9.880237373808674617e-01,9.782865083646026250e-01,1.000000000000000000e+00,9.342048305040231426e-01,9.665923447609469088e-01,1.000000000000000000e+00,8.152460891203245907e-01,1.000000000000000000e+00,6.584349744680133565e-01,9.411723993331235771e-01,9.658738183605032335e-01,9.779566642911297070e-01,8.659722589381225744e-01,1.000000000000000000e+00,9.338699928733892319e-01,9.345346329292023579e-01,8.892166509926680007e-01,9.113733207941344672e-01,9.771245494564161360e-01,9.660577883348935302e-01,9.313736483692484081e-01,8.734879807872351076e-01,9.421723747425968520e-01,9.321155766697869494e-01,9.665923447609469088e-01,9.763309465834424383e-01,8.880565842900887130e-01,1.000000000000000000e+00,9.653034248455580890e-01,9.027694414671753043e-01,9.390062454407166470e-01,1.000000000000000000e+00,9.877242845964940843e-01,7.125055457500270029e-01,9.526618931668848766e-01,9.754485691929881686e-01,9.876458447223149806e-01
1.000000000000000000e+00,1.000000000000000000e+00,9.884375677484279477e-01,9.878517617312534416e-01,9.246221638555590649e-01,9.764559195325994700e-01,9.883689473700191241e-01,9.867778528663013748e-01,9.557842311714618289e-01,9.768751354968560063e-01,9.781260680370096328e-01,1.000000000000000000e+00,1.000000000000000000e+00,9.873488650157685731e-01,1.000000000000000000e+00,1.000000000000000000e+00,0.000000000000000000e+00,9.882279597662997350e-01,1.000000000000000000e+00,9.778921155857308589e-01,9.567054940489181369e-01,8.222985728734932831e-01,9.775266712512252765e-01,9.871668249415164187e-01,9.322023077941646862e-01,9.350582410733772054e-01,8.953205263301720063e-01,8.928626089111291186e-01,1.000000000000000000e+00,9.880065226779770615e-01,9.880817176344300901e-01,9.435019231618039237e-01,9.887003846323607625e-01,9.651068421100573724e-01,8.432046231236705047e-01,8.821488698022420527e-01,9.655149632596222720e-01,9.548015385294431612e-01,9.783527470244590685e-01,9.030856392428616708e-01,9.333168663288419209e-01,9.425249387660371569e-01,9.876908509020667637e-01,8.855655729457341252e-01,8.977272727272727071e-01,8.462107103782414708e-01,9.885712419779376647e-01,9.764559195325994700e-01,8.827396060044142567e-01,8.127436648202921443e-01,9.564805860110755509e-01,7.732801968091924660e-01,7.815342756236742794e-01,9.648972717099317808e-01,9.575714716493513023e-01,9.776504921866162601e-01,1.000000000000000000e+00,1.000000000000000000e+00,1.000000000000000000e+00,8.495782277274588346e-01,9.635552851937603247e-01,7.997728562584256462e-01,1.000000000000000000e+00,9.555445775525612806e-01,8.815491146301642766e-01,8.791265553961928880e-01,9.876079600725847785e-01,9.676952130809538533e-01,1.000000000000000000e+00,9.891763735122295342e-01,9.242346145856066286e-01,9.888252460933081300e-01,9.557842311714618289e-01,9.776504921866162601e-01,9.101066850049011059e-01,9.548015385294431612e-01,9.668381733785963439e-01,9.891201465027689155e-01,1.000000000000000000e+00,9.453151700925240819e-01,1.000000000000000000e+00,9.774007692647215251e-01,9.577799669079251066e-01,9.284903058065805403e-01,9.372818492494682241e-01,9.760130453559541230e-01,8.231467945524981733e-01,8.728132452327079793e-01,9.160456587458395417e-01,9.758597725207366347e-01
