0.000000000000000000e+00,9.795234961055349077e-01,9.799639025074784460e-01,9.034654779684675452e-01,8.403738276460582801e-01,9.003698389493612897e-01,9.417228482585641158e-01,8.730967272575583804e-01,8.446694904194758102e-01,8.479960110263711215e-01,9.545153721163147642e-01,9.082221127232059654e-01,9.336485439250166163e-01,8.604515305855778839e-01,9.162709183513466638e-01,8.685431521791068255e-01,9.456562757905606631e-01,8.999338186558926145e-01,9.900868551785232397e-01,9.620848822428667013e-01,8.423597856395230732e-01,9.158841768861933907e-01,9.348441635855395671e-01,8.388607495321833696e-01,7.585818998654128009e-01,8.524954012131586989e-01,9.198661338813111099e-01,8.903549344137475785e-01,8.812178456148932471e-01,8.822552642128814737e-01,8.591533773347572733e-01,9.275224054257740214e-01,9.629566106711682227e-01,9.715636616821500260e-01,8.664435564688518498e-01,8.893715509098689687e-01,8.610872900168807798e-01,8.873227018678058187e-01,8.920738426117442721e-01,9.234370881881867055e-01,8.511482992912831058e-01,8.837616554907543609e-01,8.550834021081618053e-01,8.666606193920946000e-01,8.041172161543160835e-01,8.483395289714666943e-01,9.326798582901282275e-01,9.047575852800675555e-01,8.410623134324477501e-01,8.715109578124883294e-01,8.417150376956814561e-01,8.994920232126019100e-01,7.807659809377189841e-01,8.635461163489444036e-01,8.737328378935556028e-01,9.082221127232059654e-01,1.000000000000000000e+00,9.813935374114103327e-01,9.720903061171155546e-01,9.154920264008543640e-01,9.336485439250166163e-01,9.112427761966346296e-01,9.902382097890429780e-01,9.454184465395777393e-01,9.215082491721776625e-01,8.893715509098689687e-01,9.458910229968935379e-01,9.472383458985604854e-01,1.000000000000000000e+00,9.807656737971794936e-01,9.125842723878462293e-01,8.755852683058034103e-01,9.013808624407051440e-01,8.971917717497919220e-01,8.679245283018868218e-01,8.742864263639147371e-01,9.150943396226415283e-01,9.158841768861933907e-01,9.252303794543941251e-01,8.599482342789637190e-01,9.458910229968935379e-01,9.116967803186999397e-01,8.647275574922337338e-01,8.623331690848089481e-01,9.309666037084936008e-01,9.449332676339236015e-01,8.369688273716821003e-01,8.373038123998968185e-01,8.832659673379208431e-01,9.112427761966346296e-01
9.795234961055349077e-01,0.000000000000000000e+00,9.456393272455464460e-01,8.370329309870984114e-01,8.675261345549223346e-01,8.918758988197420523e-01,9.578362978644215930e-01,7.775253958426950884e-01,8.314268334291932128e-01,7.379998706171880807e-01,9.506375935200755967e-01,9.701192847666401109e-01,9.382786600151632461e-01,8.283616157023082627e-01,9.293253711715386833e-01,7.758134584775608911e-01,9.311937537943812959e-01,9.111476683361361406e-01,9.892417129272016441e-01,1.000000000000000000e+00,8.954512427727631119e-01,8.681408657857934141e-01,9.292893218813452760e-01,8.765573200303264922e-01,7.962221215911462480e-01,8.699349512093393910e-01,8.550572410868879647e-01,7.719304216983202682e-01,9.603357255127513703e-01,9.410232175380411901e-01,9.082873239226385564e-01,9.101066850049011059e-01,9.899496218474078679e-01,9.588524400101088307e-01,9.226971952463401960e-01,8.299149361968285454e-01,8.391939495585261088e-01,8.063843505033480019e-01,9.574082290000039963e-01,9.065234570725366758e-01,9.495181222653847897e-01,8.835554980520836654e-01,7.837517976394841046e-01,7.932754423513191933e-01,7.680915857390206991e-01,7.428277500631801367e-01,7.912585696382834488e-01,7.415943029391489638e-01,7.795988297458402716e-01,7.709145165442412573e-01,7.709606662744526995e-01,7.719304216983202682e-01,6.322981121036048702e-01,7.334430050084084218e-01,7.575587127204241877e-01,8.007952317776010354e-01,1.000000000000000000e+00,9.899036244530770023e-01,9.091326200776925770e-01,7.860037558194898910e-01,8.765573200303264922e-01,8.073516102796193250e-01,9.788119424612090613e-01,8.815302244481815208e-01,9.361123435000060500e-01,7.898949211843175888e-01,9.217039707313728902e-01,8.568504164215329233e-01,9.897617480527675093e-01,9.478146424095709177e-01,9.051316701949485566e-01,8.753646094300489011e-01,9.571892467288043438e-01,9.188559174066420754e-01,9.180939844221398527e-01,8.733138416556512906e-01,9.692852441583024170e-01,9.391419380549815843e-01,9.492849483791513387e-01,8.927116438428359668e-01,9.119169670727944599e-01,9.787041145000020537e-01,8.336209378041673501e-01,8.904373774776805917e-01,8.287569869152171531e-01,8.505964238332007765e-01,8.820464350760822692e-01,9.376823047150244506e-01,8.245883961385941374e-01,7.645408570084235578e-01
9.799639025074784460e-01,9.456393272455464460e-01,0.000000000000000000e+00,9.544394310998485231e-01,9.401732467398802306e-01,9.134375255688212958e-01,1.000000000000000000e+00,8.652397437262566715e-01,9.514860254775068249e-01,9.335349846233169657e-01,8.840782593988126825e-01,8.733018089673643125e-01,8.691466709695989667e-01,7.925363000315316375e-01,9.604831047679107670e-01,8.803464934797605723e-01,9.230555782833966827e-01,8.550978242485158809e-01,9.684193029600055569e-01,9.798687186107075675e-01,9.162998903527845851e-01,9.503757221520489074e-01,9.769367197992778751e-01,9.396061558321225915e-01,8.955549758366408986e-01,9.021018277124459583e-01,9.054497693751599741e-01,8.253496917190243920e-01,9.514860254775068249e-01,9.038194728542457979e-01,9.601154978265868944e-01,9.560200502866457173e-01,9.409947056763504625e-01,9.094092337481838317e-01,8.959947463126759493e-01,8.433629243399134445e-01,9.114920585145257492e-01,9.202309956531736779e-01,9.166485762869174270e-01,9.288597313558355495e-01,9.110869857277992256e-01,9.335349846233169657e-01,8.172569984230670936e-01,8.887469083163739292e-01,8.298095848752878867e-01,8.288841081910139907e-01,9.285118551070041804e-01,8.887469083163739292e-01,8.781047618057790105e-01,8.440637648829099060e-01,8.599292619787839431e-01,8.835664611460163353e-01,7.142817149536025978e-01,8.164572440481201454e-01,8.968578753741206500e-01,9.025398530518187190e-01,9.285118551070041804e-01,9.407246571518661504e-01,9.407246571518661504e-01,9.401732467398802306e-01,9.396061558321225915e-01,9.057475353676416319e-01,9.170706115238502765e-01,8.937384044489116164e-01,9.062296483227820776e-01,8.531527415686688265e-01,9.808469882872976608e-01,9.626478031943423996e-01,9.699458537612176690e-01,9.489370393621457955e-01,9.381147252244723678e-01,8.882081492734558159e-01,9.162200314379036481e-01,9.305260110128683593e-01,8.998195125373923409e-01,9.332515504360939795e-01,9.298736587761746719e-01,9.404508665824586888e-01,8.809017331649172666e-01,8.425287850755830421e-01,9.138114472928396959e-01,8.958107203586467282e-01,8.755054238674351286e-01,9.025398530518187190e-01,9.057475353676416319e-01,9.122858677466367805e-01,8.268750511376424805e-01,8.170678806292913654e-01,8.474321152825005088e-01,9.162200314379036481e-01
9.034654779684675452e-01,8.370329309870984114e-01,9.544394310998485231e-01,0.000000000000000000e+00,8.932418142024481922e-01,9.073198638585010523e-01,9.226979317476073916e-01,9.778024280595990492e-01,9.168918071151556104e-01,9.593358160318877781e-01,8.448570992904772536e-01,8.539128225523056059e-01,8.706758387772872698e-01,9.153806252867415783e-01,8.624935160909551479e-01,9.145934513619585760e-01,8.867242780492790022e-01,8.965713995269848358e-01,9.098330365332567560e-01,9.245609059534175556e-01,8.805126954739913581e-01,9.256160501426105025e-01,9.876533800418800801e-01,9.676689596943218730e-01,8.881734940876913065e-01,8.637379442557814313e-01,8.785211032271877940e-01,9.272803312257611452e-01,8.857262347833388949e-01,8.970220709538899717e-01,9.893241814202448081e-01,9.764559195325994700e-01,9.473538356071673494e-01,9.676689596943218730e-01,9.190140688181251960e-01,8.951830340429087762e-01,8.631199725786350418e-01,8.825659956226930003e-01,9.107578503493679589e-01,8.911885841260901442e-01,8.096064068951686066e-01,7.966790801594387794e-01,9.176176567631120218e-01,9.025416815895527245e-01,9.190140688181251960e-01,9.461149328238697143e-01,9.343938974738956738e-01,8.808842774983421942e-01,9.397646221409927669e-01,9.478260080543948751e-01,9.200159952015993792e-01,9.584459035575777497e-01,8.866996448594801628e-01,9.379428397161909681e-01,8.785253213176688059e-01,8.539128225523056059e-01,8.250503932637218707e-01,8.730709379301124784e-01,9.153806252867415783e-01,9.466209071012241516e-01,9.137838925181914762e-01,9.439368867450256273e-01,8.557157823873942082e-01,8.758856794323818251e-01,9.219131190556969502e-01,8.951830340429087762e-01,9.794933804201234606e-01,9.600079976007996896e-01,8.498351879509495888e-01,8.906564957898261969e-01,9.337410843550920658e-01,9.347131504756540643e-01,8.766611508390563801e-01,9.149897715915549234e-01,8.498351879509495888e-01,8.774872216336622177e-01,8.712873039579567269e-01,9.149897715915549234e-01,8.406058217341654260e-01,8.032997244008652782e-01,9.179735216804938425e-01,8.326709694050649091e-01,8.051871139911728203e-01,8.956520161087897502e-01,9.215116414430358782e-01,9.060868144979107308e-01,8.249375206216129630e-01,8.259017346017442085e-01,9.183248144224415155e-01,8.990863961410461291e-01
8.403738276460582801e-01,8.675261345549223346e-01,9.401732467398802306e-01,8.932418142024481922e-01,0.000000000000000000e+00,9.368959502964491204e-01,9.129937159858902973e-01,8.834071925341822062e-01,9.909057081052685678e-01,9.199042233389579382e-01,8.551309313314447991e-01,8.903823857137196374e-01,9.150905610836495008e-01,8.703648131873515936e-01,9.814806875981930689e-01,9.439252336448598069e-01,8.016729866459829656e-01,8.008050305807364877e-01,8.421325924072282643e-01,8.773530326763826492e-01,8.605316900964032900e-01,8.883708855628105194e-01,9.243409022957544963e-01,8.773530326763826492e-01,9.110046925988422029e-01,9.632965732654643620e-01,8.050347049632922136e-01,7.999255783159077149e-01,9.545285405263426171e-01,9.188662218097203294e-01,9.439252336448598069e-01,8.763346528050141027e-01,8.801728801247227230e-01,8.679186505745659641e-01,8.936552936163412175e-01,8.440104363782237051e-01,8.525204678458124796e-01,8.971962616822429792e-01,8.535173013518578822e-01,8.285403219532395669e-01,8.703648131873515936e-01,8.576075081581474580e-01,8.647770363495339563e-01,9.052036880356535420e-01,8.759311758857314389e-01,8.301811221672990015e-01,8.372740009131417471e-01,8.578055320534803130e-01,8.593837834115398699e-01,8.538431809516260351e-01,8.599612651803613117e-01,9.090570810526853451e-01,8.214668722123016353e-01,8.008050305807364877e-01,8.066527021908672657e-01,8.264387773800560000e-01,8.181297657264524625e-01,8.425858445846411415e-01,8.981437817900619347e-01,8.411214953271027861e-01,9.056561789818328156e-01,8.527641719729119885e-01,9.125553944006365992e-01,8.641852481232294991e-01,9.707034602703715764e-01,8.348345796945898512e-01,9.371685392584994112e-01,8.687136861065887228e-01,8.685431521791068255e-01,8.755624712865200943e-01,9.323284457668035152e-01,9.142701609766198390e-01,9.509213906576373665e-01,8.976733117659095873e-01,8.779329270234563776e-01,8.659377699570702802e-01,9.624409006226019025e-01,9.069757379690087662e-01,8.139514759380175324e-01,7.212084361050871140e-01,8.653611555539273414e-01,9.414069205407431529e-01,8.115056177754982336e-01,8.081691749990091989e-01,8.920270594468020509e-01,9.086519880947663275e-01,9.008364933229915383e-01,8.856935479688263779e-01,8.748752519599323207e-01,8.036855626305492439e-01
9.003698389493612897e-01,8.918758988197420523e-01,9.134375255688212958e-01,9.073198638585010523e-01,9.368959502964491204e-01,0.000000000000000000e+00,9.253996153407748615e-01,8.594196107211167224e-01,9.210495940318262909e-01,9.227403768219241131e-01,8.951955072844496319e-01,8.413958402086957333e-01,9.089968489613420299e-01,8.392280290430171874e-01,9.285457906857854660e-01,9.368959502964491204e-01,8.173913043478260310e-01,6.855865218533490069e-01,8.857919518559678185e-01,8.907962187536103693e-01,8.654701968365331455e-01,8.474584610835197429e-01,9.165942343771701362e-01,8.361943281304156095e-01,8.884027665205570523e-01,9.114905605181055082e-01,9.401621970670166473e-01,8.070101187444642665e-01,9.035050593722321333e-01,8.782608695652173170e-01,9.459108145398135159e-01,9.304162574073399083e-01,8.844159016366593962e-01,8.543949583381471591e-01,8.204865912010500528e-01,8.229811210362110163e-01,7.243763808258800729e-01,8.197027151327118677e-01,7.268280895931739094e-01,7.611056847070781783e-01,8.570915813715709319e-01,7.853899356164559808e-01,8.608695652173913304e-01,9.451362283030408928e-01,7.862935609536310100e-01,7.906927526110865134e-01,8.338028779552453251e-01,8.445526468586157520e-01,7.795897725977439796e-01,8.237731557874397037e-01,8.058224574447732103e-01,8.157823860742613453e-01,7.895194557766264110e-01,7.554561836637158079e-01,8.414741825991466362e-01,8.237731557874397037e-01,8.615023982960376969e-01,8.392280290430171874e-01,8.213644767144636649e-01,9.008364933229915383e-01,8.907962187536103693e-01,9.053184818984536530e-01,8.781636626249678113e-01,9.301303381896330880e-01,8.210253000782863353e-01,8.672358407771583177e-01,9.220771919269395989e-01,8.986899777972729986e-01,9.275417010540809581e-01,9.446009593184151454e-01,9.626998076703874307e-01,9.264940568329471660e-01,9.337229373289175349e-01,9.282157463922445784e-01,9.003698389493612897e-01,9.396529299869482710e-01,9.365989884223208106e-01,9.012966512893363369e-01,8.205393659806115014e-01,7.785367285376220137e-01,8.614705634256704103e-01,8.869633474178650889e-01,8.701286532115659611e-01,7.532824181024154742e-01,9.053184818984536530e-01,8.590185246299517630e-01,9.043478260869565188e-01,9.356822997288287702e-01,8.706848499720321044e-01,8.579777228476804796e-01
9.417228482585641158e-01,9.578362978644215930e-01,1.000000000000000000e+00,9.226979317476073916e-01,9.129937159858902973e-01,9.253996153407748615e-01,0.000000000000000000e+00,8.894458403214866582e-01,9.341495392131481390e-01,8.895310458522012187e-01,9.157072769576475313e-01,9.149579935729238445e-01,9.121689934346319806e-01,7.796999543991351977e-01,9.808434742955769448e-01,8.549895266431504215e-01,9.160745672583717747e-01,8.688779863785628388e-01,9.795875854768067992e-01,9.902409992705146768e-01,9.278664292266054492e-01,9.326424685945436943e-01,9.888196601125009977e-01,9.219279941641173037e-01,8.987367920311843950e-01,9.240673603398000813e-01,8.991631653268967739e-01,7.836342002717726629e-01,9.811855826323280239e-01,9.253996153407748615e-01,1.000000000000000000e+00,9.680198925466584337e-01,8.951191151829848147e-01,9.316869948936026269e-01,8.716622104160504092e-01,8.196599808070251791e-01,8.569806116131610807e-01,8.743242564240637504e-01,9.191877964358231567e-01,9.310269505284994862e-01,9.329521600345194177e-01,8.803252996732179314e-01,7.482237017751152131e-01,8.431070918894527644e-01,8.258272855646398014e-01,8.243379868692639612e-01,8.415763931237321138e-01,8.136896716187251855e-01,8.545454545454544970e-01,8.015686516701556741e-01,8.008213587064592076e-01,7.742269915879366193e-01,6.306477932493445016e-01,7.564876889887595102e-01,8.299999999999999600e-01,8.299159871458477999e-01,9.207881965618660569e-01,9.329521600345194177e-01,9.042173714778848348e-01,8.839916213145203594e-01,9.219279941641173037e-01,8.781584601839657056e-01,8.793954621688945261e-01,8.688779863785628388e-01,8.989847455447789182e-01,8.101684008495002587e-01,9.535761654557370903e-01,9.637857015829925933e-01,9.125842723878462293e-01,9.405911474213994872e-01,9.499999999999999556e-01,8.817604866202848335e-01,9.390792300919827973e-01,9.326424685945436943e-01,9.222971310114188581e-01,9.167949705662156168e-01,9.708614241292821134e-01,9.326424685945436943e-01,8.556624327025935672e-01,8.812535498448040849e-01,8.885827970937688614e-01,8.989847455447789182e-01,8.792980301849162572e-01,8.866106580972318296e-01,8.375446135786209778e-01,8.488142107963091432e-01,8.880994230111622922e-01,9.113203649652136251e-01,8.335899411324312336e-01,8.883119218353018320e-01
8.730967272575583804e-01,7.775253958426950884e-01,8.652397437262566715e-01,9.778024280595990492e-01,8.834071925341822062e-01,8.594196107211167224e-01,8.894458403214866582e-01,0.000000000000000000e+00,8.487263925873600456e-01,9.537393848622192083e-01,8.682174178975221590e-01,8.290591353105430938e-01,8.921101875049750607e-01,9.711204508871046359e-01,8.074696725806973507e-01,9.514196635559092341e-01,8.781636626249678113e-01,9.058695842125158437e-01,8.461356362758341021e-01,8.528775284158750525e-01,8.459439464490061678e-01,9.516450955678616985e-01,9.550533425024505529e-01,9.705755056831749661e-01,8.149575394488770552e-01,8.664484450258334025e-01,8.894420014354436077e-01,9.621815981468400114e-01,8.203625911974901097e-01,8.313035328653399780e-01,9.125553944006365992e-01,9.892862608911129341e-01,8.658427659322505132e-01,9.411510113663500432e-01,9.170815010765827058e-01,9.523030160806548183e-01,9.329213829661252566e-01,9.222714616894548412e-01,8.781710192253654457e-01,9.405824088977693398e-01,7.304575416129763799e-01,8.519660315591015554e-01,8.875356885768933557e-01,8.718823142023653938e-01,9.539341672647682069e-01,9.705755056831749661e-01,9.502432138311223131e-01,9.211583472014556184e-01,9.725898777656578620e-01,9.715098558850905341e-01,9.636032606378257537e-01,9.527269976835500698e-01,9.587541183406835810e-01,9.341087089487610795e-01,9.195969747792630544e-01,8.765427088353922036e-01,7.711187836231626624e-01,8.170961889516625831e-01,9.422409017742092718e-01,9.611357308447273651e-01,9.607673409108999918e-01,9.897953870846228908e-01,8.787878787878787845e-01,9.058695842125158437e-01,8.883234342899183344e-01,9.236848257290476427e-01,9.720053744522072492e-01,9.363057061161950134e-01,7.950024055699020931e-01,8.308269270258158423e-01,9.195969747792630544e-01,9.306794770473976186e-01,8.265215804385890319e-01,8.839482293628680987e-01,7.950024055699020931e-01,8.234600201096141658e-01,8.047641957808591151e-01,8.742772484764403940e-01,8.355933249307297972e-01,8.124583712612263309e-01,9.253476652058860719e-01,8.071041137734953352e-01,8.786899559595648945e-01,8.670459941304223817e-01,9.795907741692457815e-01,9.240262823602413134e-01,8.031874550095633447e-01,8.415530903940515728e-01,9.721252663330969268e-01,9.081584837616059058e-01
8.446694904194758102e-01,8.314268334291932128e-01,9.514860254775068249e-01,9.168918071151556104e-01,9.909057081052685678e-01,9.210495940318262909e-01,9.341495392131481390e-01,8.487263925873600456e-01,0.000000000000000000e+00,9.566998123019395672e-01,8.325974945824914375e-01,8.755543264564138450e-01,9.265560348736191498e-01,8.378115085371021786e-01,9.819790565041224273e-01,8.999627891579538019e-01,7.894655840848701089e-01,7.797335455032781137e-01,8.751845019455826158e-01,8.898340523104287803e-01,9.236602502452478936e-01,9.004270014578458214e-01,9.579296838088329213e-01,8.347510784656431149e-01,9.653598498415516538e-01,9.464264359601484156e-01,7.757870743957174797e-01,6.814159292035397719e-01,9.115044247787610354e-01,8.771882573828408969e-01,9.363399567368797527e-01,9.398312910909835116e-01,8.564892552117780999e-01,8.163900871840479301e-01,8.275285187659364716e-01,8.303503805404701676e-01,8.654586767610419340e-01,8.999627891579538019e-01,8.954701263197838434e-01,8.331544334442705368e-01,9.189057542685510338e-01,8.787594744454306772e-01,7.806933167550730301e-01,8.616320942865793864e-01,7.757870743957174797e-01,7.888486002616551529e-01,8.695966560960336489e-01,8.524075672390181158e-01,8.204078342176768235e-01,8.044425130029360105e-01,7.955947224715003152e-01,8.761061946902655162e-01,7.587101884209204172e-01,7.797335455032781137e-01,8.682990784262963890e-01,9.111102331831527623e-01,8.323385578377575644e-01,7.747382063015307851e-01,8.918743390247347858e-01,8.453970377895650978e-01,8.255705828248455225e-01,8.089685347651092151e-01,8.676355935139400399e-01,9.030827600214423878e-01,9.429837052653365914e-01,8.392793078804453577e-01,9.126562601076489978e-01,8.892804746720626152e-01,8.903549344137475785e-01,8.975402297897406845e-01,9.529639565808201151e-01,8.887696222961803949e-01,9.235874139060437082e-01,8.732707291281673889e-01,8.812178456148932471e-01,8.956363899428900766e-01,9.269032896091650153e-01,8.823228199047268294e-01,7.646456398094536588e-01,6.568991186127846049e-01,7.903750242583575947e-01,8.764646947415626332e-01,6.855625363875363920e-01,6.888858161410347236e-01,8.471748278120874165e-01,8.577763730930444419e-01,8.333269207338555029e-01,7.682700464503757765e-01,7.564849098667436600e-01,8.185201080268538210e-01
8.479960110263710105e-01,7.379998706171880807e-01,9.335349846233169657e-01,9.593358160318877781e-01,9.199042233389579382e-01,9.227403768219241131e-01,8.895310458522012187e-01,9.537393848622192083e-01,9.566998123019395672e-01,0.000000000000000000e+00,8.016946611060639105e-01,7.303430122523018042e-01,8.382900093829224186e-01,9.030074376816524806e-01,8.853724263510438508e-01,1.000000000000000000e+00,7.252991175890636244e-01,7.240969197997411122e-01,8.308796436993635126e-01,7.664189024419990615e-01,7.260821207965175716e-01,8.671264991368164976e-01,8.661996174411995542e-01,8.293061210153069851e-01,8.559322033898304483e-01,8.776720937029006686e-01,8.312221262740573380e-01,8.527793618265944176e-01,8.527793618265944176e-01,8.540651562191899915e-01,9.021051618587263565e-01,8.822396992031711349e-01,8.244533082449785333e-01,8.023544559124607956e-01,8.059054452151660497e-01,8.077704329617010348e-01,8.420079774204807244e-01,9.110046925988422029e-01,7.861182176743607419e-01,8.095154840124737516e-01,8.324673923592178504e-01,7.881355932203388814e-01,9.055715716712405827e-01,9.819460463831469754e-01,8.480999136466516042e-01,8.832094512209995862e-01,9.453097182376770657e-01,9.548651159578676051e-01,8.744670975593195061e-01,9.217124874280876456e-01,8.666481442892302045e-01,9.480397747623274807e-01,9.433306222334354452e-01,8.879143736686447852e-01,9.079425382101676822e-01,9.304110999360779566e-01,7.447786851091595661e-01,8.324673923592178504e-01,8.412848980245222208e-01,9.199042233389579382e-01,8.742255628533841527e-01,9.252238473598072277e-01,7.872011703662085136e-01,8.879143736686447852e-01,8.326142573103693101e-01,9.213606316661504536e-01,8.974321510072963415e-01,9.083205991988457795e-01,8.211717776780835809e-01,8.268141077526439675e-01,9.171482843891508585e-01,9.365051613374912876e-01,8.597947137996385658e-01,8.582682657459376196e-01,8.301131887941793908e-01,9.148928464686391093e-01,7.764647220976044206e-01,8.494100323550587417e-01,7.696859318371486181e-01,7.423290040509100685e-01,8.803375095085124169e-01,8.326142573103693101e-01,7.692223397664167406e-01,6.172610496484284281e-01,9.532649045998795589e-01,9.217124874280876456e-01,7.338835201644053896e-01,7.097378803999601082e-01,8.468071236435503746e-01,8.784887519596867866e-01
9.545153721163147642e-01,9.506375935200755967e-01,8.840782593988126825e-01,8.448570992904772536e-01,8.551309313314447991e-01,8.951955072844496319e-01,9.157072769576475313e-01,8.682174178975221590e-01,8.325974945824913265e-01,8.016946611060639105e-01,0.000000000000000000e+00,9.734502877973204571e-01,9.908598583815486638e-01,9.820582698260373888e-01,8.833787538692429164e-01,8.008050305807365987e-01,9.039292150107455237e-01,8.947368421052631637e-01,8.852921330647191001e-01,9.177387254339377520e-01,8.817712618811006653e-01,8.017293741735124213e-01,8.952865229270761116e-01,8.446175924863268403e-01,7.413408623122572649e-01,8.488754549989115938e-01,8.282866388370226929e-01,7.092482800643271634e-01,9.647573672805245248e-01,9.213966304633371962e-01,9.004025152903682994e-01,9.400957702126846449e-01,9.196300420334769798e-01,8.903183005785836324e-01,8.454579749533204236e-01,8.488754549989115938e-01,7.499601307708174680e-01,7.283704962464589983e-01,8.486248734782806391e-01,8.338878241003523373e-01,9.013204840432055276e-01,8.275605748748382506e-01,7.729235991163075914e-01,7.979524514480725861e-01,8.111153027207249622e-01,7.989168843940699372e-01,7.032453951601829178e-01,6.969286771721089346e-01,7.530819224011897628e-01,8.230019186488028993e-01,7.625754134837181564e-01,7.797335455032781137e-01,6.925066343830645899e-01,6.754385964912281715e-01,7.377559727571256776e-01,7.522026861083239702e-01,9.165377673888014387e-01,8.474952935213176941e-01,8.205826982603737774e-01,7.917507137889518987e-01,8.537577341047781765e-01,7.907890613362331678e-01,8.964565426337673948e-01,9.035087719298245945e-01,8.770077097011030887e-01,7.599786638218007928e-01,8.695602857398816443e-01,8.134521105943499641e-01,8.362553396187333288e-01,9.350849301912900202e-01,9.719024256525491401e-01,9.723146373500587414e-01,9.239232950313575055e-01,9.369138917824811896e-01,9.272245953861036893e-01,8.960951333067738167e-01,9.636122976930519002e-01,9.639507953042749655e-01,8.558031812170999730e-01,8.411196565842151696e-01,9.478241142959525911e-01,9.053905459239254272e-01,8.434723428878578844e-01,8.141520145812429776e-01,8.193178256994739783e-01,8.230019186488028993e-01,8.602606763792661759e-01,9.354008204834703966e-01,7.662140499402410043e-01,7.052027682465102920e-01
9.082221127232059654e-01,9.701192847666401109e-01,8.733018089673643125e-01,8.539128225523056059e-01,8.903823857137196374e-01,8.413958402086957333e-01,9.149579935729238445e-01,8.290591353105430938e-01,8.755543264564138450e-01,7.303430122523018042e-01,9.734502877973204571e-01,0.000000000000000000e+00,9.815572221609170089e-01,9.728481769654001576e-01,9.456963539308003153e-01,7.442255666653456725e-01,9.471319467362319111e-01,9.292007674595211819e-01,9.132043656463233461e-01,9.723358332413756244e-01,9.062802507187379675e-01,8.272441702298394262e-01,9.260490027112547873e-01,9.354502775632097533e-01,8.086305248242142696e-01,8.834068994581965040e-01,7.921123213974289312e-01,6.533299094142956953e-01,9.733330699549458398e-01,9.823773155787439704e-01,9.451911928568598187e-01,9.899272129496827777e-01,8.918875044765329774e-01,8.893433329655023867e-01,8.873941740902739905e-01,8.654694993748421883e-01,7.026906373104655490e-01,7.168211630937755263e-01,9.236396451678787756e-01,8.696531885233247383e-01,9.366457462526003308e-01,7.825346873002434478e-01,7.620937603130435445e-01,7.312971227103508554e-01,7.921123213974289312e-01,7.510224991723803978e-01,6.631834651456961494e-01,6.571721910442407388e-01,7.251167469023802603e-01,7.946428571428572063e-01,7.348004595537024342e-01,7.955535363212513644e-01,6.219112170143779039e-01,6.814034535678450411e-01,6.314846388160033630e-01,6.785714285714286031e-01,9.345078960005520630e-01,8.189878464360008659e-01,7.737348080450010546e-01,6.711471571411586901e-01,7.786866659310047734e-01,6.642058190516654248e-01,9.335229970652112463e-01,8.407017267839225205e-01,9.331846895218939286e-01,7.219702987080071077e-01,8.333076784933958203e-01,7.604649312097957470e-01,8.164442254464119308e-01,8.783718068581680694e-01,9.338562172233851877e-01,9.441370807957105704e-01,9.616235221773331565e-01,9.272607032546692496e-01,9.632888450892823640e-01,8.602286884370775599e-01,9.724666338169617452e-01,9.545379395341682116e-01,9.090758790683365342e-01,8.797805193179685235e-01,9.034939191277554515e-01,9.713648669379545408e-01,8.420809585726908297e-01,9.196428571428572063e-01,7.505528941526656839e-01,7.946428571428572063e-01,8.854525512618357519e-01,9.162056211935658556e-01,7.117216699014724535e-01,6.258293412289985813e-01
9.336485439250166163e-01,9.382786600151632461e-01,8.691466709695989667e-01,8.706758387772872698e-01,9.150905610836495008e-01,9.089968489613420299e-01,9.121689934346319806e-01,8.921101875049750607e-01,9.265560348736191498e-01,8.382900093829224186e-01,9.908598583815486638e-01,9.815572221609170089e-01,0.000000000000000000e+00,9.813051451676131354e-01,9.439154355028392951e-01,8.396155042691157977e-01,9.362977942729393543e-01,8.994584421970349686e-01,9.003976158888005177e-01,9.142857142857142572e-01,9.032066591527833088e-01,8.591409575452472192e-01,8.799801603702042119e-01,8.571428571428570953e-01,7.843866791772299285e-01,8.610574964058179681e-01,8.568630191805373109e-01,7.154046351352743027e-01,9.265560348736191498e-01,9.271974791690735795e-01,8.962217968800161305e-01,9.479843513389700771e-01,9.534757894800764966e-01,9.333333333333333481e-01,9.105393869878357638e-01,8.610574964058179681e-01,8.139031579203057643e-01,7.924435937600321500e-01,8.619868881315291276e-01,8.846100502673368560e-01,8.784834435894852689e-01,8.562577861181532857e-01,7.906927526110865134e-01,7.894712743534879618e-01,8.031866513732387469e-01,8.190476190476190244e-01,7.487658845506057759e-01,7.320543491771664968e-01,7.870763477203199798e-01,8.432363883677950200e-01,8.056215494318438308e-01,8.347510784656431149e-01,6.896117719205094865e-01,7.075154682095563530e-01,7.072299781154400833e-01,7.602438880919217823e-01,9.226971952463401960e-01,8.878308710056787012e-01,8.691360161732918366e-01,8.113123579636656313e-01,8.761904761904761862e-01,8.117334846418365890e-01,9.117265170495250093e-01,9.451591502892918717e-01,9.507096029041175456e-01,8.240061621140359893e-01,8.912679435560875163e-01,8.144569335485781769e-01,8.388607495321833696e-01,9.130343446521327344e-01,9.609639970820587074e-01,9.615366834224455816e-01,9.306386522364661351e-01,9.154845745271483759e-01,9.336485439250166163e-01,8.917336076078465901e-01,9.431273233643000520e-01,9.342657801877820578e-01,8.685315603755641156e-01,8.096180431797709298e-01,9.546949764817030948e-01,9.112772852274115820e-01,8.731459341487687320e-01,8.524577772873365156e-01,8.810948324053705649e-01,8.985647218850438822e-01,8.634952734420129339e-01,9.326891959892797956e-01,7.654228164836677228e-01,7.225546089458645405e-01
8.604515305855778839e-01,8.283616157023082627e-01,7.925363000315316375e-01,9.153806252867415783e-01,8.703648131873514826e-01,8.392280290430172984e-01,7.796999543991351977e-01,9.711204508871046359e-01,8.378115085371021786e-01,9.030074376816524806e-01,9.820582698260373888e-01,9.728481769654001576e-01,9.813051451676131354e-01,0.000000000000000000e+00,8.348623853211009083e-01,9.074034379909653447e-01,9.017504621929549602e-01,9.372039443911308609e-01,7.849329810734118062e-01,8.130514516761311317e-01,8.272714246659561566e-01,8.617496840976672789e-01,8.072411784048463268e-01,8.504411613409048609e-01,7.883798640326963314e-01,8.090830197964904436e-01,7.717101418201504082e-01,8.107800932932858196e-01,8.918743390247347858e-01,9.017504621929549602e-01,8.703648131873514826e-01,9.591581499693234703e-01,8.812773011059219508e-01,9.158731532542589981e-01,9.385373458746558706e-01,9.636348609136171639e-01,8.264822093086552357e-01,8.518455007855445515e-01,8.742184142968321137e-01,8.678716004886759539e-01,7.889908256880734383e-01,7.971973696980005908e-01,8.660233575358476932e-01,8.309393297277974932e-01,8.595139334277849263e-01,9.065257258380655658e-01,8.292899182761643839e-01,8.403315891873642807e-01,8.606798130587416384e-01,9.637975692872001732e-01,8.785954757637164381e-01,9.549476412603061792e-01,8.722478256196445345e-01,8.385244284343363885e-01,8.084347429557696696e-01,7.737348080450010546e-01,8.198060248470623312e-01,8.348623853211009083e-01,8.623853211009174791e-01,8.703648131873514826e-01,8.878308710056787012e-01,8.638464656211133352e-01,8.556022544355230686e-01,8.654370236952803053e-01,9.129204406670375915e-01,8.727220131976602957e-01,8.754952868356922213e-01,8.439084688390641187e-01,7.395095237597453242e-01,7.913543445597563952e-01,9.425304228867309453e-01,9.905622571777625840e-01,9.319232328105566676e-01,9.170498104586003452e-01,9.162709183513466638e-01,8.937387143276289692e-01,9.255741496456415529e-01,9.446998736390669338e-01,8.801830595513115973e-01,8.781373522478393978e-01,9.377476434178461107e-01,9.032449340744862498e-01,8.132429302535384430e-01,8.461396694706007082e-01,9.124727278992871282e-01,9.094939232180004884e-01,8.481598052072940597e-01,8.773093433109133699e-01,8.317529643520792382e-01,7.665939410647657493e-01
9.162709183513466638e-01,9.293253711715386833e-01,9.604831047679107670e-01,8.624935160909551479e-01,9.814806875981930689e-01,9.285457906857854660e-01,9.808434742955769448e-01,8.074696725806973507e-01,9.819790565041224273e-01,8.853724263510438508e-01,8.833787538692429164e-01,9.456963539308003153e-01,9.439154355028392951e-01,8.348623853211009083e-01,0.000000000000000000e+00,8.796244693882550036e-01,9.106822383572318325e-01,8.295535633473550829e-01,9.511211320621391074e-01,9.813051451676131354e-01,9.309085698663824848e-01,8.893997472781337565e-01,9.357470594682820719e-01,8.784834435894852689e-01,9.559124716734783700e-01,9.727261456852128729e-01,8.595139334277849263e-01,6.305706583345105365e-01,9.459371695123673929e-01,9.374775668500622272e-01,9.629613751963861379e-01,9.489476874616543656e-01,8.721447858063775538e-01,8.130514516761311317e-01,8.331727959454945376e-01,8.090830197964904436e-01,8.812773011059219508e-01,8.611051569864480726e-01,8.935694274819347971e-01,8.678716004886759539e-01,9.724770642201835402e-01,9.382774603428697402e-01,7.141831627431418639e-01,8.121548108086638074e-01,7.278082460163333156e-01,7.195771775141968085e-01,8.198060248470623312e-01,8.027625513490970199e-01,7.474821611689692613e-01,7.465829850104012122e-01,7.485191997962699073e-01,8.017696215453471442e-01,5.676080251741815186e-01,7.129323172165979994e-01,7.413869029902890873e-01,8.189878464360008659e-01,8.861932788507762560e-01,8.899082568807339388e-01,8.715596330275229286e-01,7.685085949774134173e-01,8.223988790923245640e-01,6.985171738753224169e-01,9.518674181451743932e-01,9.372039443911308609e-01,9.419469604446917277e-01,7.909004502532990255e-01,8.843884806331427928e-01,8.525802205702270875e-01,9.069676870570518856e-01,9.430966394253881280e-01,9.808434742955769448e-01,8.867470861331507859e-01,9.610989901774609212e-01,9.170498104586003452e-01,9.441806122342311092e-01,8.937387143276289692e-01,9.813935374114103327e-01,9.078331227317781860e-01,8.064495577367341017e-01,7.319021749452465642e-01,8.310293178484394749e-01,9.516224670372430694e-01,7.687769612662855856e-01,7.284817696540013543e-01,8.054949508873048281e-01,8.461396694706007082e-01,8.660233575358476932e-01,8.867470861331507859e-01,7.432018929584367495e-01,7.568686886091309240e-01
8.685431521791068255e-01,7.758134584775608911e-01,8.803464934797605723e-01,9.145934513619585760e-01,9.439252336448598069e-01,9.368959502964491204e-01,8.549895266431504215e-01,9.514196635559092341e-01,8.999627891579538019e-01,1.000000000000000000e+00,8.008050305807364877e-01,7.442255666653456725e-01,8.396155042691157977e-01,9.074034379909653447e-01,8.796244693882550036e-01,0.000000000000000000e+00,8.016729866459829656e-01,7.374248130382436983e-01,8.421325924072282643e-01,7.641404474545819836e-01,7.472136882997308938e-01,9.441854427814052597e-01,8.811071321790427957e-01,8.113123579636656313e-01,8.754065696383790396e-01,8.898897197963933081e-01,8.582070581551216604e-01,9.090570810526853451e-01,8.363027458948335546e-01,8.377324436194406587e-01,8.785046728971962482e-01,8.969455440041783634e-01,8.433029970861758429e-01,8.962217968800160195e-01,8.227588226939021032e-01,8.715380064291254891e-01,8.709554093650859752e-01,9.345794392523364413e-01,8.339862748654389701e-01,8.094892466147106669e-01,7.962875635801237584e-01,8.576075081581474580e-01,9.278810860530847249e-01,9.715611064106960404e-01,8.404829404245118818e-01,8.867874147781993344e-01,9.521394120332770106e-01,9.431222128213920808e-01,8.681722969483186558e-01,9.177867892852896725e-01,8.599612651803613117e-01,9.636228324210741603e-01,9.206519432054673935e-01,8.913481984985835993e-01,9.323284457668035152e-01,8.995171869042428714e-01,7.606970601663848308e-01,8.796244693882550036e-01,8.796244693882550036e-01,9.345794392523364413e-01,9.150905610836495008e-01,9.312899469206922243e-01,8.834071925341822062e-01,9.275654656657223995e-01,8.828138410814863057e-01,9.541207165818305080e-01,9.371685392584994112e-01,9.299806325901806003e-01,7.934249534243107416e-01,8.181297657264524625e-01,8.936589862049769684e-01,9.523723116536776390e-01,8.036855626305492439e-01,8.418587545473148470e-01,7.652556288912621962e-01,8.659377699570702802e-01,7.464760792025630920e-01,8.418587545473148470e-01,7.395320663132245453e-01,7.294081879843492544e-01,9.012648474062132653e-01,8.242207616222294586e-01,8.474093096277842685e-01,7.350907654748222164e-01,9.803685562630549688e-01,9.543259940473831637e-01,7.926581224026186812e-01,7.904381712761816559e-01,8.927502159656562908e-01,9.214742250522197642e-01
9.456562757905606631e-01,9.311937537943812959e-01,9.230555782833966827e-01,8.867242780492790022e-01,8.016729866459830767e-01,8.173913043478260310e-01,9.160745672583717747e-01,8.781636626249678113e-01,7.894655840848701089e-01,7.252991175890636244e-01,9.039292150107455237e-01,9.471319467362319111e-01,9.362977942729393543e-01,9.017504621929549602e-01,9.106822383572318325e-01,8.016729866459830767e-01,0.000000000000000000e+00,1.000000000000000000e+00,9.714479879639920101e-01,9.544984244806710150e-01,9.495513238136998879e-01,9.192427146912751645e-01,9.374456757828775189e-01,8.907962187536103693e-01,8.283119484931646959e-01,8.495339528807793750e-01,9.059691668195976044e-01,8.420991880636525817e-01,8.684159900530438181e-01,7.565217391304347450e-01,8.377324436194406587e-01,9.403567920634341437e-01,7.866139722522942357e-01,9.089968489613420299e-01,8.803243941340332945e-01,9.291924484144844509e-01,8.755248171471715635e-01,8.467473078628050542e-01,8.963830684663762760e-01,9.356822997288287702e-01,8.213644767144636649e-01,9.313247793972658783e-01,7.478260869565216407e-01,7.165371795657111686e-01,8.546796214484690957e-01,8.725955885458787087e-01,8.522692248491069433e-01,8.628405707576021211e-01,8.134990383519372648e-01,8.942638934724638222e-01,7.973799555945459971e-01,8.596437227232467393e-01,7.608175633825300377e-01,8.078584300214910474e-01,7.948489421871309801e-01,7.709051025236715038e-01,9.630673062122767636e-01,9.642728953428927330e-01,8.838869098644013267e-01,8.287175793760762632e-01,8.634952734420129339e-01,8.579777228476804796e-01,9.812559480961489111e-01,9.301303381896330880e-01,8.398647421753088205e-01,8.229811210362110163e-01,8.441543838538791977e-01,8.564774685461367110e-01,9.003698389493612897e-01,9.446009593184151454e-01,9.626998076703874307e-01,9.264940568329471660e-01,9.053184818984536530e-01,8.923236195883669231e-01,9.094271263176011422e-01,8.448218199664384587e-01,9.637708505270404791e-01,9.730809048970917585e-01,9.282157463922445784e-01,8.259931438509887647e-01,9.653676408564175748e-01,9.434816737089325445e-01,9.220771919269395989e-01,9.647546311574879407e-01,8.958503300882989517e-01,8.854525512618357519e-01,8.086956521739130377e-01,8.713645994576574294e-01,8.103377799589803754e-01,8.295732674172165977e-01
