0.000000000000000000e+00,9.520436836497305766e-01,0.000000000000000000e+00,7.144555361832923834e-01,7.987669939953658815e-01,5.321108297073678939e-01,7.308707253457232822e-01,2.393392155068286287e-01,6.743037441119311692e-01,6.914430416947234814e-01,8.176087714589505007e-01,8.688989636252689719e-01,7.198698730067072393e-01,3.676362353014726581e-01,4.748184347147748063e-01,4.866424053341929512e-01,6.195637126010210549e-01,5.299569607981312602e-01,4.497683840276155420e-01,2.562311752068944237e-01,0.000000000000000000e+00,4.449197977944785443e-01,3.140360320840474562e-01,0.000000000000000000e+00,2.854366094138072185e-01,0.000000000000000000e+00,7.585069773578593244e-01,4.810141528696768032e-01,8.614706179202585856e-01,6.495378570728728151e-01,5.155768844514403426e-01,2.152703780917039345e-01,8.798654113256733078e-01,7.150847876377740553e-01,3.786956336690560088e-01,6.439742012005474914e-01,0.000000000000000000e+00,2.105510935988170740e-01,0.000000000000000000e+00,8.049769915495508243e-02,2.133808092108373244e-01,0.000000000000000000e+00,6.785239337146002914e-01,4.660636369798486500e-01,1.894427123288847381e-01,8.489488066656620813e-01,6.990894227783737147e-01,6.276828761241329824e-01,0.000000000000000000e+00,7.331876888657966607e-01,1.105350453662648641e-01,8.570346734036032865e-01,7.270605808998777952e-01,0.000000000000000000e+00,5.221296907731398651e-01,0.000000000000000000e+00,8.276415566234847088e-01,7.672811550318507923e-01,6.814128957823258059e-02,6.769950544022421690e-01,0.000000000000000000e+00,7.795814891856750473e-01,6.485036009113748223e-01,8.894971252829424468e-01,0.000000000000000000e+00,5.616070864216661240e-01,6.853586951665754379e-01,7.751645361996143402e-01,9.406455780449411996e-01,6.034142960029912350e-01,4.032780173987571826e-01,0.000000000000000000e+00,6.117681931035812148e-01,3.275956827736973831e-01,3.996837079820075300e-01,3.041846273636020226e-01,4.481837559932682069e-01,6.735026272633318767e-01,8.047728480988097788e-01,1.261479796819178767e-01,8.832966099650367831e-01,4.506535137750472542e-01,5.365679607896962633e-01,0.000000000000000000e+00,8.352691182119299507e-01,7.339886986105504940e-01,6.163431437277581137e-01,0.000000000000000000e+00,7.069855512463574243e-01,0.000000000000000000e+00
9.520436836497305766e-01,0.000000000000000000e+00,0.000000000000000000e+00,7.256964039032842706e-01,7.138912258770003794e-01,5.981739796611433846e-01,6.367360138449877915e-01,3.332395618227348977e-01,6.215559090554642063e-01,5.956015053223130407e-01,7.328865259176766678e-01,8.145466929588091043e-01,6.942568109150009104e-01,4.181301063844874988e-01,5.390465755145453786e-01,5.556554207944218726e-01,6.347354529997270012e-01,5.431253906729494041e-01,5.801027148667540212e-01,4.161476392329270801e-01,0.000000000000000000e+00,5.071684364486858110e-01,3.959948838085184386e-01,1.166891586757638766e-01,3.686942344683229456e-01,1.390755370504488941e-01,7.679410104206856325e-01,5.362755868679428550e-01,7.991075293409750646e-01,7.076503755999153933e-01,5.577274351902137273e-01,3.048776454636244471e-01,8.852090794512993410e-01,7.751127016507302070e-01,4.699463289593787674e-01,6.953111807798677546e-01,0.000000000000000000e+00,3.184186226641600448e-01,1.354282883477026245e-01,1.999732019040762476e-01,2.763476809144176927e-01,0.000000000000000000e+00,7.439329669237516596e-01,5.818148792021361482e-01,3.092552684073445191e-01,8.132318525187595126e-01,6.225565521456903895e-01,6.686146954664685671e-01,0.000000000000000000e+00,7.401017101951260502e-01,2.324508756295152467e-01,7.877675668121595365e-01,6.132602436301178850e-01,0.000000000000000000e+00,4.185224269717883194e-01,0.000000000000000000e+00,8.694911462995090767e-01,8.530957396979104157e-01,2.098302629791998219e-01,6.652883063637550221e-01,0.000000000000000000e+00,7.091917556007624190e-01,6.850101345935122321e-01,8.422168428588300282e-01,0.000000000000000000e+00,4.513923443137325964e-01,7.415295123227895191e-01,7.994369321605787615e-01,9.430497420448067381e-01,7.260284594221794174e-01,4.115651635628734262e-01,1.235659570868341689e-01,5.839701281718104875e-01,4.075849397837953414e-01,4.112577193814326848e-01,3.388540467877189655e-01,4.996408876596221682e-01,6.381155214525472408e-01,7.183880839947019981e-01,2.044475107704384065e-01,8.648614011926681888e-01,5.395232885673018064e-01,4.802592408033856675e-01,9.598041904360467280e-02,7.762864061884863220e-01,7.699241094207105451e-01,6.483176735102317290e-01,0.000000000000000000e+00,6.701977666699497904e-01,0.000000000000000000e+00
0.000000000000000000e+00,0.000000000000000000e+00,0.000000000000000000e+00,3.886940421412404256e-01,0.000000000000000000e+00,5.793049113320731802e-01,0.000000000000000000e+00,8.862078556691586062e-01,0.000000000000000000e+00,0.000000000000000000e+00,0.000000000000000000e+00,1.009253975801406716e-01,0.000000000000000000e+00,6.582760785859309571e-01,7.173548345273091931e-01,5.746004789157588277e-01,4.823650396958196196e-01,4.403300136474345705e-01,7.229932662277206434e-01,7.794669879883744379e-01,9.067992933897666141e-01,5.364927418098330847e-01,8.664775379517873910e-01,9.598285984095777934e-01,8.278356593313577205e-01,8.843186497122025314e-01,2.695856471174498115e-01,6.144140498512415949e-01,0.000000000000000000e+00,4.717782222775384615e-01,6.138733398200567626e-01,8.701153122839997422e-01,1.386796034823689905e-01,4.667517206711030431e-01,7.840568229802519218e-01,3.454813022195444838e-01,9.052183191767233517e-01,8.082274207481752182e-01,8.314613492613343038e-01,7.986454923867378763e-01,5.419261313933699808e-01,8.448347350337427342e-01,3.843101077142238031e-01,4.647439348588435770e-01,8.962559621088056483e-01,0.000000000000000000e+00,0.000000000000000000e+00,9.214427667884016182e-02,9.334672180983163425e-01,0.000000000000000000e+00,9.247741119253333197e-01,0.000000000000000000e+00,0.000000000000000000e+00,3.594053295898919642e-01,0.000000000000000000e+00,8.395291403285198850e-01,2.824789033292851581e-01,2.938953929705014345e-01,8.331750757844166300e-01,0.000000000000000000e+00,9.341260449484781736e-01,0.000000000000000000e+00,5.973186970229641402e-01,0.000000000000000000e+00,8.971089548135856573e-01,0.000000000000000000e+00,4.855401487077793954e-01,0.000000000000000000e+00,0.000000000000000000e+00,1.601869054716125729e-01,3.096891282640489851e-01,7.648056757364225522e-01,0.000000000000000000e+00,4.963891373256943962e-01,2.825027957390406907e-01,2.369770988878412421e-01,5.907472304436665045e-01,0.000000000000000000e+00,0.000000000000000000e+00,5.635529160981931351e-01,1.153228799306212360e-01,7.600360584119056906e-01,0.000000000000000000e+00,7.651304806231006284e-01,0.000000000000000000e+00,3.762260907531235765e-01,2.516176881310661639e-01,8.823768773023242806e-01,3.000930524811733502e-01,8.140589570045149159e-01
7.144555361832923834e-01,7.256964039032842706e-01,3.886940421412404256e-01,0.000000000000000000e+00,6.528056698646402811e-01,8.013526237013993692e-01,5.210892596689282730e-01,6.421889380669123515e-01,5.455720061327014037e-01,5.431384333419916333e-01,7.088416899234544211e-01,7.765913831910569165e-01,7.074941811489564580e-01,7.436502653198765467e-01,7.629851610046023414e-01,7.542301939803506272e-01,5.385183739562359184e-01,4.116299378866650760e-01,6.254389859129193541e-01,4.440675416157751076e-01,2.004727822103153090e-01,6.815775337952152402e-01,6.935976073360021754e-01,4.136634742680568300e-01,6.026035917145954324e-01,3.378755694794624009e-01,8.817071260981806935e-01,7.832914398492056840e-01,7.127505241952857284e-01,6.483598956289540194e-01,8.020563886385346786e-01,6.427727722316707304e-01,7.996182793801371869e-01,8.587484184940380461e-01,6.267104626696711200e-01,6.767844305802436233e-01,2.667373981433667218e-01,5.347030380511506031e-01,3.018507332469393400e-01,4.487545022357455338e-01,3.857927290628226924e-01,2.884863274425749080e-01,8.158942948758312053e-01,6.300187632750184896e-01,5.239756299315156962e-01,7.402157044119367368e-01,5.189192001898752515e-01,7.554761951772724915e-01,2.434702702951672404e-01,6.275735656809264817e-01,4.370711616949892186e-01,6.895040931256379846e-01,3.986530765300523860e-01,0.000000000000000000e+00,2.531082656124326036e-01,0.000000000000000000e+00,5.672353602197898192e-01,5.059463227882484704e-01,3.937439848355580585e-01,4.916924194464607489e-01,1.787563101519134279e-01,5.109269877012925232e-01,7.191342159039195714e-01,6.357913031445852070e-01,2.514606210887924131e-01,2.433122800958760490e-01,8.588196290871867866e-01,7.352061280864863324e-01,6.808891635084277638e-01,4.686197716743697450e-01,6.391245379887026123e-01,4.450630343664673805e-01,5.706154156288348878e-01,5.382685663793571607e-01,5.294118513506530510e-01,4.826028151984954606e-01,6.437405781722663756e-01,5.461755154263265855e-01,5.464905299466739086e-01,1.533041612199137760e-01,7.591087904245857887e-01,5.541153960509466181e-01,2.074651635690706875e-01,2.260004970857402706e-01,7.060022378186097125e-01,8.033276201372577807e-01,7.947757701081820114e-01,0.000000000000000000e+00,7.426787404864536590e-01,0.000000000000000000e+00
7.987669939953658815e-01,7.138912258770003794e-01,0.000000000000000000e+00,6.528056698646402811e-01,0.000000000000000000e+00,3.558336668724890184e-01,8.660263851524101497e-01,0.000000000000000000e+00,7.080334620287739300e-01,8.821009753641756435e-01,8.138684146751885562e-01,7.252735138756501998e-01,7.064464124883842455e-01,1.904175294929911777e-01,2.467851818881768300e-01,3.133632586450839086e-01,2.849024290078892574e-01,1.868653172883430746e-01,1.270248785861247676e-01,0.000000000000000000e+00,0.000000000000000000e+00,2.459276560385675603e-01,6.847188268521881005e-02,0.000000000000000000e+00,0.000000000000000000e+00,0.000000000000000000e+00,7.028962474463248400e-01,3.245655077542228262e-01,7.169501540846818788e-01,2.944748840559635594e-01,3.186157038370741046e-01,0.000000000000000000e+00,7.383221784986302438e-01,5.269065424496580663e-01,7.589218507371414679e-02,4.477418394157871573e-01,0.000000000000000000e+00,0.000000000000000000e+00,0.000000000000000000e+00,0.000000000000000000e+00,0.000000000000000000e+00,0.000000000000000000e+00,4.967956823973188052e-01,2.319433318200070926e-01,0.000000000000000000e+00,8.407895837070066269e-01,8.548827889295598226e-01,6.258684037053368066e-01,0.000000000000000000e+00,6.373446061016970754e-01,0.000000000000000000e+00,8.582187633664208892e-01,8.462809151705958932e-01,0.000000000000000000e+00,7.455247305190156881e-01,0.000000000000000000e+00,4.341932010876644044e-01,3.819223952971632641e-01,0.000000000000000000e+00,7.495201743271686645e-01,0.000000000000000000e+00,8.409210015319846798e-01,3.627917028594777049e-01,8.212291778428670863e-01,0.000000000000000000e+00,7.623773427516838952e-01,5.316088213950361796e-01,7.220472499892192086e-01,7.450833102339105007e-01,3.652174968717851744e-01,2.907861106280396069e-01,0.000000000000000000e+00,5.684174832052617532e-01,0.000000000000000000e+00,2.194564053990921693e-01,1.668378366573459726e-01,1.399198943845731402e-01,6.648843265070694120e-01,8.254457828700212385e-01,0.000000000000000000e+00,6.958421097429797753e-01,0.000000000000000000e+00,6.455139815972203987e-01,0.000000000000000000e+00,8.401363321342959489e-01,5.428459718732782102e-01,5.802854900743863453e-01,0.000000000000000000e+00,6.012179837701078222e-01,0.000000000000000000e+00
5.321108297073678939e-01,5.981739796611433846e-01,5.793049113320731802e-01,8.013526237013993692e-01,3.558336668724890184e-01,0.000000000000000000e+00,2.384398459221379885e-01,7.205951206321359326e-01,3.955197215576620184e-01,2.461726571850563206e-01,4.821854771650578853e-01,5.848598186560141077e-01,5.635678108684455401e-01,7.457479282463624903e-01,8.475083452232127224e-01,8.364456144352522271e-01,5.527918068148370834e-01,4.356762726947557285e-01,6.951832544267640968e-01,6.303717313802760236e-01,4.517198944112454373e-01,7.320915638320159013e-01,7.928035085155781259e-01,5.996656223870764357e-01,7.135863282971551813e-01,6.117772620842253373e-01,7.464026269971153482e-01,7.744103756330775745e-01,5.558251571330810048e-01,6.660645710444222933e-01,8.314626811226173420e-01,7.765778957410780503e-01,6.779809903486274658e-01,7.978807160958222289e-01,7.534484585510888843e-01,7.044471822383400195e-01,5.144765342005694908e-01,6.841192431458302803e-01,5.541356593891595406e-01,5.902832621584865880e-01,5.685921413560324211e-01,5.040697060131187346e-01,7.728694405581802984e-01,6.787784010415186531e-01,6.798351168555487600e-01,5.097950436200506807e-01,2.139139681954550787e-01,6.162123140191718695e-01,5.029343366380412128e-01,4.547621888207158958e-01,6.426063811983300234e-01,4.082987109691602057e-01,9.543098246012961250e-02,0.000000000000000000e+00,0.000000000000000000e+00,3.118474077735879924e-01,5.644783857691176854e-01,5.254689340488880589e-01,6.078081676273350276e-01,3.041130765051315299e-01,4.478459654897182229e-01,2.511731567090044748e-01,7.313008607737819800e-01,4.590089341695775538e-01,5.044755485149029495e-01,0.000000000000000000e+00,8.075065541727485252e-01,6.051449441630549764e-01,5.113283053319471749e-01,4.971445690791143068e-01,6.429993873293061712e-01,6.411119505054604373e-01,4.599458504297949668e-01,6.344096313416104360e-01,5.156911292453627560e-01,4.822672802876563081e-01,7.088132694518008980e-01,3.568235379831353749e-01,2.897266496336478592e-01,3.468516904349504548e-01,6.094888312773224515e-01,6.803462155668402733e-01,0.000000000000000000e+00,4.231206250942127767e-01,4.694627173929313280e-01,7.480641787898704154e-01,7.107646620675652782e-01,3.191027664581078116e-01,5.624351315565846443e-01,2.731147125708625056e-01
7.308707253457232822e-01,6.367360138449877915e-01,0.000000000000000000e+00,5.210892596689282730e-01,8.660263851524101497e-01,2.384398459221379885e-01,0.000000000000000000e+00,0.000000000000000000e+00,6.052683011014959868e-01,9.138723377791716507e-01,8.806698993796360231e-01,6.108932637214381511e-01,8.083387800276257140e-01,8.237501554678991478e-02,0.000000000000000000e+00,2.239723018765316376e-01,8.022874525236237120e-02,0.000000000000000000e+00,0.000000000000000000e+00,0.000000000000000000e+00,0.000000000000000000e+00,1.100622198253665834e-01,0.000000000000000000e+00,0.000000000000000000e+00,0.000000000000000000e+00,0.000000000000000000e+00,5.573312656778609542e-01,1.058275081819562147e-01,6.654266220039516400e-01,2.162737513554917890e-01,1.943702273482249554e-01,0.000000000000000000e+00,6.816341753946053572e-01,4.183563802830997935e-01,0.000000000000000000e+00,4.209953819668307839e-01,0.000000000000000000e+00,0.000000000000000000e+00,0.000000000000000000e+00,0.000000000000000000e+00,0.000000000000000000e+00,0.000000000000000000e+00,3.954311526278629363e-01,2.143602124514603635e-01,0.000000000000000000e+00,8.360891899848996722e-01,8.932068479543671113e-01,6.178993820098610534e-01,0.000000000000000000e+00,6.441578262757894358e-01,0.000000000000000000e+00,8.110984935067483415e-01,8.776161342733003190e-01,0.000000000000000000e+00,8.375197487344759883e-01,0.000000000000000000e+00,2.980855302953084873e-01,2.193746990028242472e-01,0.000000000000000000e+00,8.653461606849667254e-01,0.000000000000000000e+00,9.571036189400631278e-01,1.759956099500921134e-01,8.433459799343443475e-01,0.000000000000000000e+00,9.311973033364581154e-01,4.027032671561168176e-01,7.324855429521377470e-01,6.216791239052459339e-01,3.958984660166086633e-01,2.424584549540130529e-01,0.000000000000000000e+00,6.969409104506926189e-01,7.667180736630715976e-02,2.181089387023866233e-01,2.462138617027716525e-01,0.000000000000000000e+00,7.795280690095930387e-01,8.499327592125597297e-01,0.000000000000000000e+00,6.456938094038005005e-01,0.000000000000000000e+00,6.878481272482829256e-01,0.000000000000000000e+00,8.506527415363236422e-01,4.611961293251732874e-01,4.724869515347214222e-01,0.000000000000000000e+00,3.664937650499529020e-01,0.000000000000000000e+00
2.393392155068286287e-01,3.332395618227348977e-01,8.862078556691586062e-01,6.421889380669123515e-01,0.000000000000000000e+00,7.205951206321359326e-01,0.000000000000000000e+00,0.000000000000000000e+00,0.000000000000000000e+00,0.000000000000000000e+00,1.156606622243801369e-01,3.819233488740541027e-01,2.291270932694335627e-01,8.350668506353282616e-01,8.105238182219416387e-01,7.404186641567366278e-01,5.903582015258994620e-01,4.892433317263108483e-01,7.965498241237456423e-01,8.329575576282653993e-01,7.900279663475621161e-01,6.787915896313664321e-01,8.888575943274426017e-01,9.173127154586083742e-01,8.066135986489888499e-01,8.158218640877248351e-01,5.073437102376069374e-01,7.394859526377324244e-01,2.932874236288183778e-01,6.597529493060074746e-01,7.757391526073497134e-01,9.121545002524382717e-01,4.183485876567056838e-01,6.937250950937455807e-01,8.342484829072666086e-01,5.412037276915212525e-01,8.050559115745068439e-01,7.920311736485834420e-01,7.599731492459400606e-01,7.349272445669964293e-01,6.018495098093332718e-01,7.120255747808009739e-01,5.848253800126247404e-01,6.048177555474490985e-01,8.940916792671336211e-01,1.354167031911872598e-01,0.000000000000000000e+00,3.484398236899997059e-01,8.397219463325815703e-01,2.630489555286080194e-01,8.978230901973746070e-01,0.000000000000000000e+00,0.000000000000000000e+00,2.737599943788828760e-01,0.000000000000000000e+00,6.871447214760951772e-01,4.831594460512031453e-01,4.582683426399428162e-01,8.275785694931346859e-01,0.000000000000000000e+00,8.246915605375481073e-01,0.000000000000000000e+00,7.516210255123643158e-01,1.009114305452504246e-01,8.477147772627395828e-01,0.000000000000000000e+00,6.890723758406297472e-01,3.095055132675789134e-01,2.440463449022306497e-01,3.516233068999232159e-01,4.053099213826665825e-01,7.068518818811660998e-01,0.000000000000000000e+00,5.688736964464233825e-01,3.390614065471626026e-01,3.169189346304127075e-01,6.547420444038287712e-01,0.000000000000000000e+00,0.000000000000000000e+00,5.775480502010019723e-01,3.903983255706793276e-01,8.347203334838944055e-01,0.000000000000000000e+00,6.823161563262600815e-01,1.803037331951639621e-01,6.454055912166989373e-01,5.021179512656792632e-01,7.015956373046602357e-01,4.815591445420135397e-01,7.038304303479819835e-01
6.743037441119311692e-01,6.215559090554642063e-01,0.000000000000000000e+00,5.455720061327014037e-01,7.080334620287739300e-01,3.955197215576620184e-01,6.052683011014959868e-01,0.000000000000000000e+00,0.000000000000000000e+00,5.635303708727942285e-01,5.325605998350960713e-01,6.853720820006787839e-01,3.971136989554990837e-01,1.187697322428421937e-01,4.181677245313873970e-01,2.896091276986705876e-01,4.037598954933372397e-01,4.500754525593623767e-01,2.151842837655795482e-01,0.000000000000000000e+00,0.000000000000000000e+00,1.708118783432262255e-01,2.495213185089841523e-01,0.000000000000000000e+00,2.693669075034995641e-01,0.000000000000000000e+00,6.058148954854040147e-01,3.421391809639975912e-01,5.663164599149037581e-01,2.032399423800616556e-01,2.910342160073097761e-01,0.000000000000000000e+00,5.966921549929533608e-01,4.189521205221544697e-01,1.956284095399884737e-01,3.614453816734564118e-01,0.000000000000000000e+00,6.442522200590497516e-02,0.000000000000000000e+00,0.000000000000000000e+00,0.000000000000000000e+00,0.000000000000000000e+00,4.637874687145095431e-01,1.808994128452460493e-01,6.467740187764385584e-02,7.212877621054404331e-01,4.612466766629060300e-01,3.524295940932417603e-01,0.000000000000000000e+00,3.686994632950582607e-01,0.000000000000000000e+00,7.289684357638107626e-01,7.319448976537888951e-01,0.000000000000000000e+00,3.872551114930534721e-01,0.000000000000000000e+00,3.792136277147261647e-01,4.120028025323572152e-01,0.000000000000000000e+00,4.854464311987038427e-01,0.000000000000000000e+00,5.480346185121972580e-01,4.688245286743172868e-01,6.736288860377477317e-01,0.000000000000000000e+00,4.273266331897757619e-01,5.367580372561205904e-01,5.571754914181780149e-01,7.053748570003600671e-01,1.798216429971795094e-01,3.289204821153263181e-01,0.000000000000000000e+00,3.767286467180289700e-01,0.000000000000000000e+00,3.078303818700166561e-01,1.550254776979601012e-01,2.809955001934595908e-01,4.157547523399913181e-01,6.495366893623004678e-01,0.000000000000000000e+00,5.430040968311862226e-01,2.157938278192255144e-01,2.946101004606661022e-01,0.000000000000000000e+00,5.587248344411112067e-01,3.736512189107041304e-01,3.644649377308292748e-01,0.000000000000000000e+00,6.962566832666173822e-01,0.000000000000000000e+00
6.914430416947234814e-01,5.956015053223130407e-01,0.000000000000000000e+00,5.431384333419916333e-01,8.821009753641756435e-01,2.461726571850563206e-01,9.138723377791716507e-01,0.000000000000000000e+00,5.635303708727942285e-01,0.000000000000000000e+00,8.228288669866162808e-01,6.162402492704086576e-01,7.234459414753943163e-01,1.204982528091838451e-01,6.344532745108895366e-02,2.199263736335594077e-01,7.271771270024580958e-02,0.000000000000000000e+00,0.000000000000000000e+00,0.000000000000000000e+00,0.000000000000000000e+00,1.303894189123026015e-01,0.000000000000000000e+00,0.000000000000000000e+00,0.000000000000000000e+00,0.000000000000000000e+00,5.335537881017961004e-01,1.628423855249954144e-01,6.237191345377731677e-01,1.762747818161873592e-01,2.148799507974498701e-01,0.000000000000000000e+00,6.124310975924189826e-01,3.828313412550245487e-01,0.000000000000000000e+00,3.325397802060798824e-01,0.000000000000000000e+00,0.000000000000000000e+00,0.000000000000000000e+00,0.000000000000000000e+00,0.000000000000000000e+00,0.000000000000000000e+00,3.991522082349983069e-01,1.115730909687120687e-01,0.000000000000000000e+00,7.486639324500815595e-01,8.810693348531981606e-01,5.802440951629290744e-01,0.000000000000000000e+00,5.848704575337717593e-01,0.000000000000000000e+00,8.068476875457117892e-01,8.299346490992984826e-01,0.000000000000000000e+00,8.167681763446300591e-01,0.000000000000000000e+00,2.724310045597482244e-01,2.076072472163589533e-01,0.000000000000000000e+00,7.735716615879026925e-01,0.000000000000000000e+00,8.863268309092124930e-01,1.840154670601524267e-01,7.822660619133343651e-01,0.000000000000000000e+00,8.495581244627853357e-01,3.793781487033681121e-01,6.442878875992106291e-01,6.045925657041294476e-01,2.963237872746081192e-01,2.326990601924868174e-01,0.000000000000000000e+00,6.134128390755514415e-01,0.000000000000000000e+00,1.748852563615189148e-01,1.748636943066504690e-01,0.000000000000000000e+00,7.059317822177009205e-01,7.811330813920400740e-01,0.000000000000000000e+00,5.768918677201878564e-01,0.000000000000000000e+00,5.948376332584941473e-01,0.000000000000000000e+00,8.073741336241558875e-01,4.220377984933448845e-01,4.878388528631405485e-01,0.000000000000000000e+00,4.317886737128229790e-01,0.000000000000000000e+00
8.176087714589505007e-01,7.328865259176766678e-01,0.000000000000000000e+00,7.088416899234544211e-01,8.138684146751885562e-01,4.821854771650578853e-01,8.806698993796360231e-01,1.156606622243801369e-01,5.325605998350960713e-01,8.228288669866162808e-01,0.000000000000000000e+00,7.453322916187448133e-01,9.151804039287999570e-01,4.089754521387582442e-01,3.324152301178361912e-01,4.548556878363788636e-01,3.389296024333406376e-01,1.643364433318292295e-01,1.739933007191188929e-01,0.000000000000000000e+00,0.000000000000000000e+00,3.951376362007566478e-01,1.519291458409150197e-01,0.000000000000000000e+00,6.545162766619390393e-02,0.000000000000000000e+00,7.205480266631791864e-01,3.757111479808813437e-01,8.350860086295596174e-01,5.296069526123665661e-01,5.029442042612515262e-01,1.556970465510625345e-01,7.776897161215687859e-01,6.278865499708005116e-01,2.216115632299340832e-01,5.732348107221780786e-01,0.000000000000000000e+00,0.000000000000000000e+00,0.000000000000000000e+00,0.000000000000000000e+00,2.028660882170478796e-01,0.000000000000000000e+00,5.897159506334550549e-01,4.361219284547631081e-01,0.000000000000000000e+00,8.531203894503032181e-01,8.479229654511422076e-01,7.283243814827577989e-01,0.000000000000000000e+00,7.470375005832151638e-01,0.000000000000000000e+00,8.361482727455613606e-01,7.323803840260637577e-01,0.000000000000000000e+00,6.713010168157533819e-01,0.000000000000000000e+00,5.059562815786681211e-01,3.967962870124193686e-01,0.000000000000000000e+00,7.486239068901749949e-01,0.000000000000000000e+00,8.742730386984903790e-01,4.024234498641939828e-01,8.552432377668426344e-01,0.000000000000000000e+00,7.527722390508485573e-01,5.633481454369771990e-01,7.604156591865024462e-01,6.801445795239167147e-01,4.818886744442595349e-01,4.658882202283302632e-01,0.000000000000000000e+00,7.699853498071727032e-01,3.393747538937735841e-01,4.074216011624562372e-01,4.203410369365773169e-01,3.416974533299159678e-01,8.235347455923950344e-01,8.440040364917312798e-01,0.000000000000000000e+00,8.114370945116989864e-01,1.704430694415140779e-01,6.056947367405530747e-01,0.000000000000000000e+00,8.857917388772735823e-01,6.904978729440699459e-01,6.747127834157747861e-01,0.000000000000000000e+00,4.851865706238563392e-01,0.000000000000000000e+00
8.688989636252689719e-01,8.145466929588091043e-01,1.009253975801406716e-01,7.765913831910569165e-01,7.252735138756501998e-01,5.848598186560141077e-01,6.108932637214381511e-01,3.819233488740541027e-01,6.853720820006787839e-01,6.162402492704086576e-01,7.453322916187448133e-01,0.000000000000000000e+00,6.110377248662799410e-01,5.452960683255434482e-01,6.287113877876936430e-01,5.614658993249252994e-01,6.734167304198901416e-01,6.622785593199648213e-01,4.224502468518750442e-01,1.910668569869210798e-01,0.000000000000000000e+00,4.850669542248899901e-01,4.676487360884165612e-01,1.775045675325142014e-01,4.605660478916487888e-01,1.151994620472546610e-01,7.618801295176981236e-01,5.993169727417158033e-01,8.327050707813249408e-01,6.200569529021455750e-01,6.011136335606628300e-01,3.599484973979160674e-01,7.682535947002085974e-01,6.695891663234578850e-01,4.238893540710761410e-01,5.650147690267335321e-01,0.000000000000000000e+00,3.494647420892069145e-01,0.000000000000000000e+00,2.155737449856507670e-01,2.040326772031086644e-01,1.053155367327960612e-01,6.711018386079359299e-01,3.807155260156304122e-01,3.010574701492094163e-01,7.867860995529539769e-01,5.338178427651726343e-01,4.974845752319472236e-01,0.000000000000000000e+00,5.901293046994894320e-01,2.579541943405677107e-01,8.270289479280278355e-01,6.595355505556980136e-01,0.000000000000000000e+00,3.415055220865741425e-01,0.000000000000000000e+00,6.927797560008209787e-01,6.711642137510368533e-01,1.200361340465443544e-01,4.808672447886648271e-01,0.000000000000000000e+00,5.997408300296254158e-01,7.050292278493230924e-01,7.957082295108062198e-01,0.000000000000000000e+00,3.781711311468951009e-01,6.961018182719715952e-01,6.427748704555156234e-01,8.343916205040922129e-01,3.538364229488175083e-01,5.276568124778892033e-01,1.991379052629758395e-01,5.170301994030165327e-01,3.697731832495361193e-01,4.765812728129044107e-01,3.257218875379265244e-01,5.676822101159085809e-01,5.795727115038185051e-01,7.129380746797308044e-01,1.252138740050308952e-01,7.795809169770783198e-01,5.293158577593962688e-01,3.018400155518614070e-01,1.075826303473361861e-01,7.024038086871050579e-01,6.617731291764175072e-01,5.883422641949163090e-01,0.000000000000000000e+00,8.338228350380020304e-01,0.000000000000000000e+00
7.198698730067072393e-01,6.942568109150009104e-01,0.000000000000000000e+00,7.074941811489564580e-01,7.064464124883842455e-01,5.635678108684455401e-01,8.083387800276257140e-01,2.291270932694335627e-01,3.971136989554990837e-01,7.234459414753943163e-01,9.151804039287999570e-01,6.110377248662799410e-01,0.000000000000000000e+00,4.782989642345674697e-01,3.719920189617798023e-01,5.721085451728287197e-01,2.736658180886791247e-01,0.000000000000000000e+00,2.569740317996239143e-01,2.244455230317977390e-01,0.000000000000000000e+00,4.943567234248847919e-01,2.164204694544742680e-01,0.000000000000000000e+00,9.222945862903847436e-02,0.000000000000000000e+00,7.223931236544800516e-01,4.169253586782746268e-01,7.634674860044771139e-01,5.693874900157835928e-01,5.559737631147326775e-01,2.692798612149965853e-01,7.806104388930189542e-01,6.936991707080156777e-01,3.183509681619459131e-01,6.687550962266430865e-01,0.000000000000000000e+00,1.507166049057061252e-01,0.000000000000000000e+00,0.000000000000000000e+00,3.602252939956831490e-01,0.000000000000000000e+00,6.268061414156005373e-01,5.850947130995814982e-01,8.954036931428113744e-02,7.842927213053496605e-01,7.947134060073920425e-01,8.255655767342831020e-01,0.000000000000000000e+00,7.712379854236035559e-01,0.000000000000000000e+00,6.921601679942120944e-01,5.449904715589707349e-01,0.000000000000000000e+00,5.772875774734232968e-01,0.000000000000000000e+00,4.851464837203360303e-01,3.690366614059570893e-01,8.310628700236424860e-02,7.614579329589801215e-01,0.000000000000000000e+00,8.215014373817185467e-01,3.799141415531268606e-01,7.764880285862604259e-01,0.000000000000000000e+00,6.774800959354400076e-01,5.943604274271008236e-01,7.933718486821093041e-01,5.751909389391399730e-01,6.236652293283361237e-01,4.856154983942511105e-01,1.143241381211294316e-01,8.091998962883824031e-01,4.785346193684344995e-01,4.160006560621816729e-01,5.159730416157630728e-01,3.816753233723254035e-01,8.153825858085388401e-01,7.367858377153025939e-01,8.245887423874273536e-02,7.791543292419960132e-01,1.964751194453719374e-01,6.199668512426074196e-01,0.000000000000000000e+00,8.462548648148364716e-01,7.643114984782178878e-01,7.327562805130790613e-01,0.000000000000000000e+00,3.194855955005598269e-01,0.000000000000000000e+00
3.676362353014726581e-01,4.181301063844874988e-01,6.582760785859309571e-01,7.436502653198765467e-01,1.904175294929911777e-01,7.457479282463624903e-01,8.237501554678991478e-02,8.350668506353282616e-01,1.187697322428421937e-01,1.204982528091838451e-01,4.089754521387582442e-01,5.452960683255434482e-01,4.782989642345674697e-01,0.000000000000000000e+00,7.899081189660822622e-01,7.971666163081784218e-01,5.445781449889270931e-01,4.106218501334853999e-01,6.651438589430457293e-01,6.390927377089657968e-01,5.289154175534616087e-01,6.958769349106019853e-01,7.861100307133270793e-01,6.919355267744868865e-01,6.952293760485600549e-01,6.311160035618843533e-01,6.011366322752801361e-01,7.103490622984170999e-01,4.967200364152165037e-01,7.069944153660832065e-01,8.721616521815761525e-01,8.478355853166507083e-01,5.046409866276226897e-01,6.825575692554055607e-01,6.930353477546056240e-01,5.420055259202682940e-01,6.042148392026167603e-01,7.300896974517037119e-01,5.931858472867576060e-01,6.528767811773478202e-01,5.952415159771466957e-01,5.755572592636619689e-01,6.792767415542444454e-01,6.344099245169256829e-01,7.215134327865304620e-01,3.545825762416150995e-01,1.237721010617834488e-01,5.181642032389697228e-01,6.041730609163066257e-01,3.833212012794783297e-01,6.888779864945414610e-01,2.653857621674505785e-01,0.000000000000000000e+00,0.000000000000000000e+00,0.000000000000000000e+00,4.297631529132816541e-01,4.547345682237399211e-01,4.053144678710759452e-01,6.137273307847639359e-01,1.219781624475616416e-01,5.532355239065888108e-01,8.246616972715398175e-02,6.415468969628347340e-01,2.799324185721383529e-01,5.994834764348763168e-01,0.000000000000000000e+00,6.716436249570423289e-01,3.945185928762175998e-01,3.310185497494392282e-01,3.338275428129485745e-01,6.025564902351593366e-01,6.933471704944050851e-01,3.391724314941725882e-01,6.690158123919207611e-01,4.876687395896698307e-01,4.992188771637804390e-01,7.259799229069812121e-01,2.843817299130571574e-01,1.597375969048138167e-01,5.100807161804273848e-01,5.105186197414235405e-01,6.901460020236633852e-01,0.000000000000000000e+00,3.963688918419062679e-01,3.432678008290480642e-01,6.815267422281852117e-01,6.457674079643570542e-01,4.456522951250376230e-01,4.820824857673625674e-01,3.688880159079018783e-01
4.748184347147748063e-01,5.390465755145453786e-01,7.173548345273091931e-01,7.629851610046023414e-01,2.467851818881768300e-01,8.475083452232127224e-01,0.000000000000000000e+00,8.105238182219416387e-01,4.181677245313873970e-01,6.344532745108895366e-02,3.324152301178361912e-01,6.287113877876936430e-01,3.719920189617798023e-01,7.899081189660822622e-01,0.000000000000000000e+00,8.507732682905206900e-01,6.977520058690627192e-01,6.284778622014322025e-01,7.523813842364408533e-01,6.502082130181384700e-01,6.314485711440682714e-01,7.714128214291106067e-01,9.295614108193495095e-01,7.664452190348229887e-01,9.020942303837632403e-01,7.132375546573580527e-01,7.370977760988165484e-01,8.633714981454179149e-01,5.293756119657341275e-01,6.884601828060527007e-01,8.446214679086011534e-01,8.611992731014037616e-01,5.910819555338033826e-01,7.517000316926563119e-01,8.095253509088484734e-01,6.023879689367909185e-01,6.827803856469281119e-01,8.399185731469476224e-01,6.579160365346191641e-01,7.261694490624326370e-01,5.540638531400589040e-01,6.990490653751448846e-01,7.274029427458276187e-01,6.224375968268056614e-01,8.177050847575484394e-01,4.373476922706228676e-01,0.000000000000000000e+00,4.511845812642211184e-01,6.457393994795558312e-01,3.331848049226410202e-01,8.046357907281288524e-01,3.544018449197086085e-01,0.000000000000000000e+00,1.416569195545737125e-01,0.000000000000000000e+00,4.125668857789700494e-01,5.834560936820585297e-01,5.907589235427738172e-01,6.421696283056356203e-01,7.181092312778622477e-02,6.028953928181287614e-01,0.000000000000000000e+00,8.035992843289765375e-01,3.615348902807835052e-01,6.337531013476573882e-01,0.000000000000000000e+00,7.751933886262193374e-01,4.330463911902634466e-01,5.069538911366169298e-01,3.247040429923039317e-01,6.890130032767447510e-01,7.573211814143270271e-01,2.994278161958686124e-01,6.416920847290820129e-01,5.735770945914308028e-01,4.464680206780446969e-01,8.233915054364704389e-01,2.161404620136113397e-01,1.994613398104186086e-01,4.141353063837573401e-01,5.457184739499574277e-01,8.162005348491259138e-01,0.000000000000000000e+00,6.333843110875644333e-01,3.157647491569325893e-01,6.886999374723689060e-01,6.406379114676978848e-01,4.728809493784213447e-01,6.740252146162462044e-01,3.821324420475226136e-01
4.866424053341929512e-01,5.556554207944218726e-01,5.746004789157588277e-01,7.542301939803506272e-01,3.133632586450839086e-01,8.364456144352522271e-01,2.239723018765316376e-01,7.404186641567366278e-01,2.896091276986705876e-01,2.199263736335594077e-01,4.548556878363788636e-01,5.614658993249252994e-01,5.721085451728287197e-01,7.971666163081784218e-01,8.507732682905206900e-01,0.000000000000000000e+00,5.332681456862125025e-01,3.777647407621396725e-01,6.951327864669617496e-01,6.589211142184437930e-01,4.766614183442627328e-01,7.648554459812351158e-01,7.852614257477593673e-01,6.251648782372754010e-01,6.973092627751340533e-01,6.292898390810458542e-01,7.378130801593938415e-01,7.545519287755884097e-01,5.405849665949222782e-01,6.984512660777202342e-01,8.218452149347447167e-01,7.930646838205728244e-01,6.782496710818438634e-01,7.929470426381510784e-01,7.498234269163005505e-01,6.950600335138978902e-01,5.431438255911616997e-01,6.899014385469991462e-01,5.804861416608289026e-01,5.700697783148994668e-01,5.805183631421395596e-01,5.005220068202327344e-01,7.440162608111778875e-01,7.147725044106297831e-01,6.902978919863194118e-01,4.914502643478619315e-01,2.072808487689149215e-01,6.221493833144867702e-01,5.262845778755699255e-01,4.617467849641000432e-01,6.462726548034135599e-01,3.438304472771305242e-01,0.000000000000000000e+00,0.000000000000000000e+00,0.000000000000000000e+00,3.453952088144880972e-01,5.474856681265304337e-01,5.022934804909965356e-01,6.257111800824489700e-01,3.166152586372305011e-01,4.704448303531706954e-01,2.244931704077393342e-01,6.924947820549574029e-01,4.412233962737246995e-01,5.863809591814165278e-01,0.000000000000000000e+00,7.761123940288165990e-01,5.766391031913782328e-01,4.811623561960554629e-01,4.944944864816389618e-01,6.192740907320247734e-01,6.550605863619552993e-01,4.312740170776373505e-01,6.833266628810766852e-01,5.253850372648702916e-01,4.938059285477355287e-01,6.853601139456140245e-01,3.461440022318511556e-01,2.486295207510815231e-01,4.000001351563248764e-01,5.949628905966464210e-01,6.854130309564784307e-01,1.334572748270467235e-01,4.840119650085759617e-01,4.728847564092991673e-01,7.746152012146131360e-01,7.298269743974005186e-01,3.431819074207883569e-01,4.997073463403997606e-01,3.088556031475369057e-01
6.195637126010210549e-01,6.347354529997270012e-01,4.823650396958196196e-01,5.385183739562359184e-01,2.849024290078892574e-01,5.527918068148370834e-01,8.022874525236237120e-02,5.903582015258994620e-01,4.037598954933372397e-01,7.271771270024580958e-02,3.389296024333406376e-01,6.734167304198901416e-01,2.736658180886791247e-01,5.445781449889270931e-01,6.977520058690627192e-01,5.332681456862125025e-01,0.000000000000000000e+00,8.391574009127366063e-01,6.452849306947634478e-01,5.553980299850370672e-01,4.459978176807213313e-01,4.869930349206837983e-01,6.603050738612235016e-01,5.542294986321366634e-01,6.681772750774443992e-01,4.743236221995055790e-01,5.532020586503947346e-01,5.629208101887335225e-01,6.907556300910995262e-01,7.317535129116751191e-01,6.272950668910212135e-01,5.870326587128315010e-01,5.777679182904579269e-01,5.955931007427055501e-01,6.682081849532931495e-01,5.571883707919496054e-01,4.602866387091157363e-01,5.936887123544810629e-01,4.310967881790493395e-01,4.856380517956159215e-01,4.087440736409123088e-01,4.488396117159768051e-01,5.222313951871919713e-01,4.288043315183407422e-01,6.131080084832152277e-01,4.026360073686973684e-01,8.878022196309540148e-02,2.631275042504504502e-01,4.139179066250763817e-01,3.649542116492712207e-01,6.128208958042893340e-01,3.997009418055940122e-01,1.830679514402570596e-01,4.465103010922200077e-01,0.000000000000000000e+00,1.979550853688791523e-01,8.040266071965561645e-01,7.978299041366897493e-01,4.581555071874800489e-01,9.925480878198408852e-02,4.171780901996439139e-01,1.188779600968720984e-01,8.192466925084948004e-01,4.541506464720203029e-01,4.226816984330564742e-01,0.000000000000000000e+00,6.476959884582204063e-01,4.122402935431663251e-01,6.537690041378005912e-01,3.948712927410309437e-01,3.628565079827685280e-01,3.767248616909479320e-01,1.977838041095330290e-01,4.628460009586404800e-01,4.038500015128406173e-01,2.452307063932320785e-01,6.339614800971338227e-01,1.620231297715851171e-01,3.881921487241606350e-01,5.582485361099717158e-01,6.982193476399406462e-01,8.256199646721068541e-01,0.000000000000000000e+00,4.061950719433450319e-01,3.609265562992027276e-01,6.115752979065722794e-01,4.112850038601621461e-01,2.686666169549054572e-01,7.093268006494380939e-01,3.510340359443880898e-01
