0.000000000000000000e+00,6.293195752946278976e-01,4.796242841491648590e-01,3.678135799842239817e-01,3.273764493928026376e-01,4.076057666713500116e-01,5.326811324081377474e-01,5.313381666736878284e-01,1.883452550295325878e-01,3.522312445243684920e-01,3.872707237105589839e-01,4.140355928647403427e-01,4.208773172266506712e-01,3.306011880359364108e-01,4.066812339534479070e-01,4.574846429363617073e-01,4.406846062928331254e-01,4.196465150985593251e-01,4.841151566523601013e-01,5.373193028080102129e-01,0.000000000000000000e+00,1.326490323520655989e-01,3.422978023673310388e-01,2.417896989989619105e-01,3.586051829811261471e-01,2.254429386229686583e-01,2.797238183389240129e-01,2.255443923998212419e-01,4.317840672956824721e-01,4.109598217161942735e-01,3.703089193020789316e-01,2.483097382065560521e-01,5.873719423860821465e-01,5.730914027321597493e-01,3.615802604037382517e-01,3.847968145165907572e-01,3.245907962976852801e-01,3.413724697375006834e-01,1.640398010706339837e-01,2.022653656417710277e-01,0.000000000000000000e+00,1.635716442176532726e-01,3.095543850795673402e-01,3.181221897581686386e-01,2.944141327415994991e-01,3.982010725525289008e-01,3.995777152745978444e-01,3.199100038800228307e-01,3.924589343352948845e-01,3.766281947445959677e-01,4.220883844797293505e-01,4.510809965114245257e-01,3.650993263053765592e-01,2.935495124388483035e-01,2.709566877189217293e-01,2.586219937688180592e-01,6.613599595762802430e-01,6.374880629534507293e-01,5.340635293968446495e-01,5.322909523392125308e-01,5.249832828112024341e-01,5.068005146772751601e-01,5.361506954010750725e-01,3.477837778396133950e-01,5.319382444552497313e-01,5.397190052214304590e-01,5.529285050793626421e-01,5.467142463332307356e-01,5.321820051839736276e-01,4.080105921489465270e-01,2.146064838343539616e-01,2.611817234408964628e-01,2.831642659882943613e-01,2.542079533585108186e-01,1.676211630337321457e-01,1.278301804985004231e-01,3.828832600663432673e-01,3.704110555913701086e-01,2.009661837623240577e-01,2.990828894829960505e-01,5.323018529263969789e-01,4.458963681371083676e-01,2.439510674657978384e-01,2.997068949945420613e-01,5.354918423736233501e-01,5.985672196368264641e-01,2.193086902850731601e-01,3.455632819020768576e-01,5.060594132846087945e-01,5.660437649108761571e-01
6.293195752946278976e-01,0.000000000000000000e+00,6.245228914562882538e-01,4.994518024010891621e-01,3.182402634687104825e-01,3.411868258946683108e-01,6.486952786010862226e-01,7.133503000808263383e-01,0.000000000000000000e+00,1.821588035416817353e-01,5.188765883269504942e-01,5.452248311557852389e-01,5.639137915246853483e-01,5.396765676041875848e-01,4.987139594051777092e-01,5.913881620213369272e-01,4.782569161894543730e-01,5.232350077159435564e-01,6.186518006966924554e-01,6.382493620725199213e-01,1.214592509812954246e-01,1.644111864802852707e-01,5.527769260156686348e-01,4.913431851281280238e-01,2.563936786484090069e-01,2.964944772576776355e-01,2.573369818283107735e-01,1.438777693560740478e-01,5.791162596065236867e-01,5.312556953984404196e-01,4.325988454062933419e-01,3.798659046502076975e-01,7.387423700633641843e-01,7.383847669858950580e-01,5.802090917731990150e-01,5.028301680690747677e-01,5.197139264822704385e-01,5.804835541752544348e-01,4.457489943228926110e-01,4.654472601395834852e-01,2.559693634453251154e-01,4.568504703383576282e-01,3.768823938491724368e-01,3.355681225337732165e-01,5.311293901628655334e-01,5.987460143538226864e-01,5.148764626309028092e-01,3.364681179925378407e-01,5.771144970899699800e-01,2.731054322782516808e-01,3.145333043738174905e-01,4.085635252343929880e-01,3.093430219137943693e-01,3.259788794380818477e-01,4.839955406714921415e-01,5.179950074212772426e-01,7.479419545034280414e-01,7.760079481680927094e-01,6.351567503065064235e-01,5.982421543216075444e-01,5.958718935474316414e-01,5.511712153930944380e-01,5.369748254334223425e-01,1.364817730080062630e-01,4.796249464270624374e-01,3.978017430152347433e-01,7.544250574801146803e-01,7.428688796472608935e-01,6.833649301432651590e-01,6.406276924323546229e-01,2.221536039887188341e-01,3.680100390119338538e-01,4.171493911783177300e-01,4.223095597226252940e-01,2.416026006134167348e-01,2.930656376282638753e-01,4.327590167827282119e-01,4.272143769494299859e-01,2.436689794262099917e-01,2.697945349978224661e-01,5.945623052252866358e-01,6.033065771567296398e-01,1.505001030470628498e-01,3.624621627784867517e-01,3.971686862934804552e-01,6.411787678788514189e-01,2.236175807342183075e-01,2.747260328879076452e-01,6.060553463575716338e-01,5.931951458783430997e-01
4.796242841491648590e-01,6.245228914562882538e-01,0.000000000000000000e+00,4.082198863480470119e-01,2.009542898728321758e-01,3.299952488023910613e-01,6.254819032968816916e-01,6.514728441930873748e-01,0.000000000000000000e+00,1.109838701880332124e-01,4.602200374046516718e-01,4.946315942857961168e-01,5.048244412832869621e-01,4.563921832932503753e-01,4.277133156942929948e-01,4.813881175684662228e-01,3.157525480725744127e-01,3.264233959854488387e-01,5.283223996709214276e-01,4.707237002426745698e-01,1.140836461546766017e-01,1.345239479178484687e-01,5.198455716795115089e-01,3.588138898616183847e-01,3.113331558619974460e-01,2.585551851221865594e-01,2.670739312832067225e-01,1.325909121327069340e-01,4.472402676797407328e-01,4.122831746525563168e-01,4.042990325948541130e-01,2.970867160740255364e-01,5.980106403444626073e-01,5.816510773817825664e-01,5.190760472448401330e-01,4.507400374565320167e-01,4.827174682524022487e-01,5.231777158417866280e-01,3.929208984875252053e-01,4.266922770314762192e-01,2.901726556035697513e-01,4.090881874110642857e-01,3.550054687786564633e-01,2.882138094631646608e-01,4.792268860206578829e-01,5.357358832173435559e-01,4.569904222032956653e-01,3.179410622918350526e-01,5.584662228883541246e-01,3.299600635431299001e-01,3.142045441496158498e-01,4.145692910419985222e-01,2.227230442478782269e-01,3.563434203013171042e-01,4.701640240202152876e-01,4.832883493320952462e-01,4.863871935407561575e-01,4.672296080396164397e-01,5.431215228927014360e-01,5.149701533971597911e-01,5.850719586516494042e-01,3.916632169471674918e-01,4.609985307886003691e-01,0.000000000000000000e+00,4.251922644741853996e-01,3.349502610478558018e-01,6.311931036781669446e-01,5.933695345285320277e-01,4.127536597274825136e-01,5.159897995703942586e-01,2.497859086581393218e-01,4.128453307431041441e-01,4.285604159407859770e-01,3.648226987948583466e-01,2.800233612295742192e-01,2.822353449818931770e-01,3.925226573592732193e-01,4.024838159080716404e-01,1.602601136617594069e-01,1.777583912682738077e-01,4.550349007373996613e-01,4.972692497142029988e-01,6.428838128183184120e-02,2.907071744033107308e-01,3.825093773808335706e-01,5.782457473944666582e-01,2.158742831654097138e-01,2.497381455399950434e-01,5.275072525364251641e-01,4.985650103765261743e-01
3.678135799842239817e-01,4.994518024010891621e-01,4.082198863480470119e-01,0.000000000000000000e+00,1.482544864467666146e-01,1.618935862841073825e-01,4.402798695294139475e-01,5.010685422628340380e-01,0.000000000000000000e+00,2.180001170913341280e-01,2.655342783021671371e-01,2.732850818246564395e-01,2.884671941451047439e-01,2.086512957280610980e-01,2.400579562761656072e-01,4.080722319172188639e-01,2.872308810974754656e-01,3.174126591729165003e-01,4.131421023560089556e-01,3.839072920501589992e-01,1.466338565401371641e-01,6.779393157456359287e-02,4.161026385069244715e-01,3.095198686475117422e-01,2.439714092412004209e-01,1.237218165393553643e-01,1.028207487667627124e-01,0.000000000000000000e+00,3.077014775334538932e-01,3.092618111698201000e-01,3.117600856326241399e-01,3.035005553783257648e-01,4.427573226836697406e-01,4.593972987742478975e-01,2.996224180241687240e-01,2.906078849106085715e-01,4.244995363583903281e-01,4.149783692171002403e-01,2.748191617884477855e-01,2.985547802334707068e-01,1.777919349490161283e-01,2.787772289311060692e-01,4.090765025156933299e-01,4.189749982673658946e-01,3.356526143979590704e-01,4.310428719011856202e-01,4.345252996872537299e-01,3.706701905982036638e-01,3.887767966011094201e-01,3.809830490703291495e-01,3.656437115475593136e-01,4.302724956360093889e-01,2.887001810535449464e-01,3.414598141786420182e-01,4.056202784886482338e-01,3.441535824194936755e-01,3.443267161301490353e-01,3.945311261814017922e-01,4.147923068330296448e-01,4.580868310292322554e-01,2.677740486214940097e-01,4.275038838675906394e-01,1.846529998776217374e-01,2.067553701377355668e-01,2.887403159315488077e-01,3.439714016765071936e-01,5.724888227130513485e-01,5.737927263390874000e-01,4.347043619667585457e-01,3.568295632442697873e-01,1.703822643823424687e-01,2.180691128121418632e-01,1.829300117986705498e-01,2.753130532853380052e-01,1.679834100401962904e-01,1.184614689392760878e-01,2.575020326760764644e-01,2.593124528203313295e-01,2.557479814975300303e-01,2.364934495235792578e-01,3.739726399531544954e-01,3.060260335773877238e-01,0.000000000000000000e+00,1.087666747308242421e-01,4.338248353569011395e-01,4.296662943020916892e-01,0.000000000000000000e+00,9.925525320662624551e-02,3.840887227285314509e-01,4.752542842481390917e-01
3.273764493928026376e-01,3.182402634687104825e-01,2.009542898728321758e-01,1.482544864467666146e-01,0.000000000000000000e+00,4.154427382743657859e-01,3.363351507732572077e-01,2.374297189894800097e-01,0.000000000000000000e+00,3.414367001216104258e-01,2.750340140906701869e-01,1.547247073164357833e-01,2.716887044416369523e-01,2.964293901153142174e-01,2.033795613439384198e-01,2.216265835692201869e-01,2.239405910033450964e-01,2.689893818149480254e-01,3.594292801627757550e-01,3.892641041795888990e-01,1.125008360710357674e-01,2.115506556644765057e-01,1.840022197831047701e-01,1.263811909155265478e-01,1.773645299747522441e-01,2.157618837515390409e-01,2.521932750834144921e-01,2.087514790353579563e-01,3.298587504868141229e-01,1.831745483878418068e-01,1.738791216024783148e-01,1.165396865025657008e-01,3.403866374250181792e-01,3.372998605202657818e-01,2.491513834111727943e-01,3.157505770354689378e-01,1.145940819733249627e-01,1.222950561190152413e-01,1.519616855710651526e-01,1.317734947024386261e-01,0.000000000000000000e+00,1.364399797295085259e-01,2.235563082603251317e-01,2.134215994605482281e-01,1.383611179579472550e-01,2.402611540768782861e-01,1.847481677074571116e-01,2.280754568249737380e-01,1.619747476390600571e-01,1.600366332151300086e-01,0.000000000000000000e+00,1.579475696719787325e-01,1.324807123171868328e-01,2.780292361847587768e-01,9.330499940126277258e-02,6.027704526201162899e-02,4.311561886435998359e-01,3.974743797729641259e-01,2.148073201729990001e-01,2.267100363497543958e-01,2.630164471264007653e-01,1.287889566873871294e-01,3.820939366057067854e-01,6.612418360198321632e-02,1.873619033826707803e-01,1.771083168167863764e-01,2.727244281684745308e-01,2.933017471367755369e-01,3.187560898152388966e-01,3.293919781933890567e-01,0.000000000000000000e+00,1.368538646864295161e-01,1.451760386345264942e-01,0.000000000000000000e+00,1.103252825338956883e-01,0.000000000000000000e+00,2.234757093984537368e-01,1.805648136111177304e-01,8.341097531095509332e-02,7.331044068461181618e-02,2.914650145442556628e-01,2.951045161263853300e-01,1.614736229173267812e-01,2.591388266646929006e-01,2.085570086281777202e-01,2.541565810354600718e-01,1.072297015387986135e-01,3.422576891307479996e-01,2.870733833264199064e-01,2.178740257923591217e-01
4.076057666713500116e-01,3.411868258946683108e-01,3.299952488023910613e-01,1.618935862841073825e-01,4.154427382743657859e-01,0.000000000000000000e+00,4.050975223021790472e-01,2.812437082145174960e-01,6.984715568156429910e-02,3.911319896023042197e-01,3.409331276934671195e-01,2.909391401587238524e-01,3.553518554664613638e-01,3.907680439794738447e-01,2.613408013778761863e-01,2.983720984179281666e-01,2.348456236058549251e-01,2.771682313051073154e-01,4.065122592206060204e-01,4.851450610826363308e-01,0.000000000000000000e+00,1.776914732579693290e-01,1.373380970937377599e-01,2.146339332946581024e-01,1.571131910822680944e-01,3.377585567991140403e-01,4.230529045247423126e-01,2.957323818415180106e-01,3.753046622295394541e-01,1.621860019151242505e-01,1.693266864785297754e-01,1.357589776859663699e-01,4.674891475029596677e-01,4.698182925132702858e-01,4.282738212027182301e-01,4.087275943339113149e-01,0.000000000000000000e+00,8.343890438026010936e-02,1.092794358852455516e-01,0.000000000000000000e+00,0.000000000000000000e+00,2.133688768039269101e-01,2.480788525526975985e-01,1.777245090210375911e-01,2.707365881338819058e-01,2.795559220719697757e-01,1.802423601176753321e-01,1.728572237322715810e-01,2.446841662413786200e-01,1.134887140443787273e-01,0.000000000000000000e+00,1.996916126857508633e-01,1.679003157129496937e-01,2.912741306972326805e-01,0.000000000000000000e+00,0.000000000000000000e+00,4.691795395990048800e-01,3.978334278884737008e-01,2.809551446959188126e-01,2.380486485059729040e-01,3.987648698161765370e-01,9.511728243815636974e-02,5.361365578190139258e-01,0.000000000000000000e+00,3.468999719744593757e-01,2.425338007372942750e-01,3.230427584098244376e-01,3.540274953817805215e-01,2.898092705056323215e-01,3.923547259055900072e-01,0.000000000000000000e+00,2.062764490416480467e-01,2.018459282573917823e-01,0.000000000000000000e+00,7.061414821736265723e-02,0.000000000000000000e+00,1.740753967484233722e-01,1.181309910881408465e-01,6.586276832672803561e-02,1.464463687744463616e-01,3.870529691292749486e-01,4.037273303619051124e-01,2.461417693260546935e-01,4.086248223738623286e-01,2.829436871102832263e-01,4.205507434601821193e-01,2.739991233247718871e-01,5.702414668255930685e-01,3.893408059955747458e-01,2.095202604285236747e-01
5.326811324081377474e-01,6.486952786010862226e-01,6.254819032968816916e-01,4.402798695294139475e-01,3.363351507732572077e-01,4.050975223021790472e-01,0.000000000000000000e+00,6.911603300801499872e-01,0.000000000000000000e+00,1.736670030654812735e-01,5.574488384655390538e-01,5.605392263564166200e-01,6.303866856322756229e-01,5.903485945034059323e-01,4.124454619430501512e-01,5.499865255595913771e-01,4.415969275658038207e-01,4.161221775568881842e-01,5.112122095957790657e-01,5.387783861833288501e-01,9.950819950571991590e-02,1.067980815529779026e-01,5.058327335131149738e-01,3.231209412369014933e-01,2.175326159095177514e-01,3.038105030385183092e-01,3.020682048983392987e-01,1.040964568469806145e-01,5.625871250381020428e-01,4.918995815087605084e-01,3.509558951205152266e-01,3.427254129434605945e-01,6.545931198349680402e-01,6.607870890250582274e-01,6.024798529848600648e-01,5.124487129584995859e-01,5.660892880909271785e-01,4.997914223704917336e-01,4.680975621165047174e-01,4.409017823373147515e-01,2.485242635435692959e-01,3.804686352767255864e-01,3.897929052432476116e-01,3.215677503750151156e-01,4.874523256896894363e-01,5.093977956651052352e-01,4.961004432500979444e-01,3.767431975074584938e-01,5.632131489569132121e-01,2.994503152776740729e-01,2.986151788975948129e-01,3.399031524398672399e-01,2.602831825595618986e-01,3.697499581448671080e-01,4.875555004247919544e-01,4.472057406830685089e-01,5.873038185593499882e-01,5.803007664960260215e-01,4.469246223126080997e-01,4.793157056903984969e-01,5.631169681385360670e-01,3.779016161541056684e-01,5.025161669124021957e-01,0.000000000000000000e+00,5.009960208017156802e-01,3.987480413506478971e-01,6.586839079934440067e-01,6.298299582859738788e-01,4.942019156069664132e-01,5.477237285368943276e-01,2.608727486809421792e-01,3.898309401041720190e-01,4.668698947591333748e-01,3.447600198405748051e-01,3.740154541344636874e-01,2.986157545988415984e-01,4.426510964041246998e-01,4.526399384941046655e-01,1.866838149297836147e-01,2.817644112666713441e-01,5.476763355063498651e-01,6.270267811601115682e-01,1.342341039035438444e-01,3.568445024345930916e-01,3.932690751400798046e-01,6.428581967230286853e-01,2.158589693324794445e-01,4.108259856296552215e-01,4.896484184195748490e-01,5.620015658649815116e-01
5.313381666736878284e-01,7.133503000808263383e-01,6.514728441930873748e-01,5.010685422628340380e-01,2.374297189894800097e-01,2.812437082145174960e-01,6.911603300801499872e-01,0.000000000000000000e+00,0.000000000000000000e+00,1.552422001297600884e-01,4.983177374279514904e-01,5.648737006982220699e-01,5.948358866597230898e-01,5.650022514686019459e-01,4.778803613543634032e-01,6.200963791908010725e-01,3.586806104174978249e-01,3.984541188765510777e-01,5.635897569945715890e-01,4.796969866896166335e-01,8.499579580704276494e-02,1.349479863077701625e-01,5.347672108507622868e-01,3.973904075113970924e-01,2.116151989949022205e-01,3.040310133164895734e-01,2.191976863331170367e-01,1.492366409848701891e-01,5.018375894700085604e-01,5.087115594637640070e-01,4.116729655191879167e-01,3.638538709346439415e-01,6.243991507680740627e-01,6.514114448189315398e-01,5.373627009370882668e-01,4.299137196476677802e-01,5.712270875149777494e-01,6.284883686074077547e-01,4.679197904473222369e-01,5.208135445336598002e-01,3.085850446178421413e-01,4.798943403139923070e-01,4.402113604793489454e-01,3.668279179211991758e-01,5.532298707857139508e-01,5.766870076241628063e-01,5.001051164046736996e-01,3.762107095955696257e-01,5.911002460420572424e-01,3.398062280618512343e-01,3.034937360087351932e-01,4.209107953734881891e-01,2.885457339587472747e-01,2.876778085067830948e-01,5.406763782611383462e-01,5.451736824197690456e-01,5.496375466069198801e-01,5.467618213825483631e-01,5.255043884262959875e-01,5.350235887362602138e-01,5.817396780226162800e-01,4.480904376911307163e-01,4.582334052774739708e-01,0.000000000000000000e+00,4.397240222969750478e-01,4.027318238934649575e-01,7.001623625689296082e-01,6.718511678281839927e-01,4.818076889426654574e-01,5.553940396789376344e-01,3.035979356593847545e-01,4.136759671437930663e-01,4.671055061235826478e-01,4.402087227530934177e-01,3.478515706401466567e-01,3.428950962823296700e-01,4.280417672798623729e-01,4.451111660599512132e-01,2.072188255395021605e-01,2.229369873508445232e-01,5.103721932863050093e-01,5.619360307810221666e-01,9.383972929575859490e-02,3.433532887965040081e-01,3.708586098744798276e-01,6.192268185849342244e-01,1.990780730028177126e-01,2.658097983270307774e-01,5.512538272427689456e-01,5.689876792767205593e-01
1.883452550295325878e-01,0.000000000000000000e+00,0.000000000000000000e+00,0.000000000000000000e+00,0.000000000000000000e+00,6.984715568156429910e-02,0.000000000000000000e+00,0.000000000000000000e+00,0.000000000000000000e+00,1.108021337747513435e-01,0.000000000000000000e+00,0.000000000000000000e+00,0.000000000000000000e+00,0.000000000000000000e+00,1.097605000498618477e-01,0.000000000000000000e+00,0.000000000000000000e+00,0.000000000000000000e+00,0.000000000000000000e+00,0.000000000000000000e+00,0.000000000000000000e+00,0.000000000000000000e+00,0.000000000000000000e+00,0.000000000000000000e+00,2.302819217941509677e-01,0.000000000000000000e+00,6.398534963719429425e-02,6.305567271048687084e-02,0.000000000000000000e+00,0.000000000000000000e+00,1.002136576022667619e-01,0.000000000000000000e+00,0.000000000000000000e+00,0.000000000000000000e+00,0.000000000000000000e+00,0.000000000000000000e+00,0.000000000000000000e+00,0.000000000000000000e+00,0.000000000000000000e+00,0.000000000000000000e+00,0.000000000000000000e+00,0.000000000000000000e+00,1.109414878405913518e-01,7.213917292097871137e-02,0.000000000000000000e+00,0.000000000000000000e+00,0.000000000000000000e+00,0.000000000000000000e+00,0.000000000000000000e+00,1.555427484523612958e-01,2.590938177740959025e-01,1.790300154617870121e-01,2.003217937185952369e-01,1.087971336998724142e-01,0.000000000000000000e+00,0.000000000000000000e+00,6.335078588416800938e-02,0.000000000000000000e+00,1.756585049617174210e-01,8.424066498355375909e-02,0.000000000000000000e+00,1.235083950101582700e-01,0.000000000000000000e+00,9.921929631307992159e-02,0.000000000000000000e+00,1.388421780075654866e-01,0.000000000000000000e+00,0.000000000000000000e+00,0.000000000000000000e+00,0.000000000000000000e+00,1.246191759238758912e-01,0.000000000000000000e+00,0.000000000000000000e+00,0.000000000000000000e+00,0.000000000000000000e+00,0.000000000000000000e+00,0.000000000000000000e+00,0.000000000000000000e+00,0.000000000000000000e+00,0.000000000000000000e+00,0.000000000000000000e+00,0.000000000000000000e+00,1.775480086674456337e-01,0.000000000000000000e+00,2.198086878545629785e-01,0.000000000000000000e+00,0.000000000000000000e+00,0.000000000000000000e+00,1.422013189019140644e-01,0.000000000000000000e+00
3.522312445243684920e-01,1.821588035416817353e-01,1.109838701880332124e-01,2.180001170913341280e-01,3.414367001216104258e-01,3.911319896023042197e-01,1.736670030654812735e-01,1.552422001297600884e-01,1.108021337747513435e-01,0.000000000000000000e+00,1.469941641769017537e-01,0.000000000000000000e+00,7.933945387544912020e-02,7.880325288059993050e-02,1.985688696938198994e-01,9.231626535819946466e-02,1.144105745487276060e-01,1.787444496941814343e-01,2.709457106877778410e-01,2.813760545322367967e-01,0.000000000000000000e+00,0.000000000000000000e+00,0.000000000000000000e+00,0.000000000000000000e+00,1.760497001980743381e-01,8.645987039962756138e-02,2.027714634664444238e-01,2.066232853469945618e-01,1.120335251810243848e-01,0.000000000000000000e+00,1.023270156004812137e-01,0.000000000000000000e+00,2.063496569539887138e-01,2.110323719813118615e-01,1.659352113832830433e-01,2.006262170112961540e-01,0.000000000000000000e+00,0.000000000000000000e+00,0.000000000000000000e+00,0.000000000000000000e+00,0.000000000000000000e+00,0.000000000000000000e+00,3.182542582596278868e-01,2.494632030820617963e-01,1.282802064795444674e-01,1.976280353157170155e-01,1.976426325262559680e-01,2.085074783759590100e-01,1.295123865485062753e-01,3.290427837093238828e-01,1.639516159294300002e-01,3.209685388471451017e-01,1.988287081497309428e-01,2.588655492486821585e-01,0.000000000000000000e+00,0.000000000000000000e+00,2.317861753832775318e-01,1.751192531656743379e-01,1.530014385591877690e-01,1.830486862743933019e-01,1.254405002592736407e-01,1.423919374809124727e-01,2.498239577723770366e-01,1.656664862752794953e-01,2.171139157528378105e-01,2.941929906828356089e-01,1.963419252074315446e-01,1.719109523534306239e-01,1.248349732915384341e-01,1.373731131358984781e-01,0.000000000000000000e+00,0.000000000000000000e+00,0.000000000000000000e+00,0.000000000000000000e+00,0.000000000000000000e+00,0.000000000000000000e+00,7.531262638031228918e-02,0.000000000000000000e+00,0.000000000000000000e+00,6.996150318654015265e-02,1.124890631641451977e-01,8.347288174831696272e-02,1.867406994714971846e-01,1.688568781758422177e-01,3.233219665605703841e-01,2.489598744385585760e-01,0.000000000000000000e+00,3.011311505377520237e-01,2.552327524012955040e-01,1.747366435024523823e-01
3.872707237105589839e-01,5.188765883269504942e-01,4.602200374046516718e-01,2.655342783021671371e-01,2.750340140906701869e-01,3.409331276934671195e-01,5.574488384655390538e-01,4.983177374279514904e-01,0.000000000000000000e+00,1.469941641769017537e-01,0.000000000000000000e+00,4.426338089599026748e-01,5.043252234365662723e-01,5.435383848144641483e-01,2.807605759588120975e-01,4.134869754291167210e-01,4.625473803370892534e-01,4.718444251732933914e-01,4.952564603365788298e-01,4.569167780054267380e-01,8.242821167617786493e-02,9.962875001052351465e-02,3.989988528455955530e-01,2.984418644041424984e-01,2.079503875833700610e-01,2.781516528441180247e-01,2.060334001195947284e-01,1.544874156506203799e-01,5.185757057798052738e-01,4.639740214553615960e-01,2.563334397529798969e-01,3.205928048391717966e-01,5.195317853953448362e-01,5.046605832392664359e-01,5.033524678760495918e-01,4.769537096556970002e-01,3.935858475991707572e-01,4.346135663536065397e-01,3.669731176522004756e-01,3.058908118746949678e-01,1.421558215866309538e-01,3.065899875392784635e-01,3.285321686133251817e-01,2.437045059520391854e-01,3.399187497560440807e-01,3.588574124896256046e-01,4.091783592431180172e-01,3.513635779500776657e-01,3.462886394181308169e-01,1.454893699191435463e-01,1.516815220944332521e-01,1.709735476692362810e-01,9.926380469024934095e-02,2.481987202750031429e-01,3.215082375899570577e-01,3.283245739777365113e-01,5.233518838013666574e-01,5.222418178632179941e-01,3.606242670537905259e-01,3.541506696541584231e-01,4.342570401962567717e-01,2.453024204360214344e-01,4.660999340461045581e-01,0.000000000000000000e+00,3.313642598381582038e-01,2.439286362616800985e-01,4.927914842545899066e-01,4.806770733888952596e-01,4.030387902996880878e-01,4.714814839942038094e-01,2.119802261180757652e-01,3.389327222481962054e-01,4.385975744305444235e-01,3.380957647881015493e-01,3.323960141563128134e-01,3.401196304201308807e-01,3.937133429048235711e-01,4.180881007415602202e-01,2.362875610655716663e-01,2.665426587517182311e-01,4.838390828367971075e-01,5.780189595434852556e-01,1.164918749585416163e-01,2.817418393251769348e-01,2.874330884075836368e-01,5.294366509629079287e-01,1.775609561883418619e-01,3.947489856402913166e-01,3.711019159733541795e-01,3.954085178234431619e-01
4.140355928647403427e-01,5.452248311557852389e-01,4.946315942857961168e-01,2.732850818246564395e-01,1.547247073164357833e-01,2.909391401587238524e-01,5.605392263564166200e-01,5.648737006982220699e-01,0.000000000000000000e+00,0.000000000000000000e+00,4.426338089599026748e-01,0.000000000000000000e+00,5.346076414537790367e-01,5.638942137446877334e-01,2.791067550968385214e-01,5.131503125418044320e-01,3.046602965010485886e-01,3.986061879016153942e-01,4.333187987088283899e-01,4.700940752025191127e-01,9.000779425464824901e-02,1.194111838247504248e-01,3.565589438491501562e-01,3.023685068289827527e-01,0.000000000000000000e+00,2.721037132608267184e-01,1.816627841681192901e-01,0.000000000000000000e+00,5.386419964829175511e-01,4.934160115320109230e-01,3.088948962610426063e-01,3.786224030116089878e-01,4.875478204425069961e-01,5.034251302865857536e-01,5.489585421268313725e-01,4.247190922014252301e-01,4.699912448553558719e-01,5.276514568330058497e-01,4.146358722206356373e-01,3.776531880155890031e-01,1.445117172561699581e-01,4.278880956048087825e-01,2.849539633754298307e-01,2.580669579461180585e-01,4.193141656159943276e-01,3.590865647883655920e-01,4.221249962112221255e-01,3.553190650553354479e-01,4.020109418314453120e-01,6.688856336352830279e-02,1.387496434655597632e-01,2.133105635852644288e-01,2.259206238709851600e-01,1.342755331279772424e-01,4.219075110380235416e-01,4.312011766283970760e-01,4.756563166896550232e-01,4.788485877417282821e-01,3.266632365898796131e-01,3.349612774561704920e-01,5.398120337780690781e-01,2.294391753426642255e-01,4.396933889418359609e-01,0.000000000000000000e+00,3.194862585628073792e-01,1.796765372481218814e-01,5.297142886699078845e-01,5.145401865229731753e-01,3.809985177376611909e-01,4.730974981961865167e-01,2.805330542139282679e-01,4.096773751805921071e-01,4.423115295292777138e-01,3.782365417157842469e-01,2.854945260367335869e-01,4.587751852404101660e-01,3.990546336170620600e-01,4.234426039234453487e-01,0.000000000000000000e+00,1.296499912655936226e-01,5.031945609402473929e-01,6.172644778473472815e-01,0.000000000000000000e+00,2.600482672065582701e-01,2.672173396343388574e-01,6.282843344894333271e-01,2.420539444636101156e-01,3.674871082742866002e-01,3.975940448472310984e-01,4.394878151124280707e-01
4.208773172266506712e-01,5.639137915246853483e-01,5.048244412832869621e-01,2.884671941451047439e-01,2.716887044416369523e-01,3.553518554664613638e-01,6.303866856322756229e-01,5.948358866597230898e-01,0.000000000000000000e+00,7.933945387544912020e-02,5.043252234365662723e-01,5.346076414537790367e-01,0.000000000000000000e+00,6.336343477087351683e-01,3.223904030275162591e-01,5.332827785240423779e-01,3.488640866034781185e-01,4.115481737334252821e-01,4.932894192321809479e-01,4.769278856180682591e-01,9.224471175731048522e-02,1.807335934148076029e-01,4.040280265213069266e-01,3.562420500479742125e-01,6.706021908610483584e-02,3.351806922569330327e-01,1.798652276874303235e-01,0.000000000000000000e+00,5.275381269686815200e-01,5.206157232196008122e-01,2.842219150003053030e-01,2.668299678370081862e-01,5.460931053683003578e-01,5.467956211373818931e-01,5.461444451407631018e-01,4.342950410171709796e-01,5.130412580600666184e-01,4.466884819427223152e-01,4.871246537131554977e-01,3.802477606603109073e-01,2.115472049997691451e-01,4.157640874764210737e-01,3.047680958457570366e-01,2.354714763882613526e-01,4.125886754431939418e-01,3.597028525241940944e-01,3.760416563624459085e-01,3.452655162258530530e-01,4.483770160606459498e-01,1.027271405388522907e-01,1.044608980447438162e-01,1.948912390938041528e-01,1.415078793591921791e-01,2.312236594410571611e-01,3.690801707723299629e-01,3.587214677756088710e-01,5.143938255315023689e-01,5.324394026665819624e-01,3.304542098099619296e-01,3.693440847972425112e-01,4.820807718384680363e-01,1.866197330201526672e-01,4.501001663863691271e-01,0.000000000000000000e+00,3.604120787908804413e-01,2.153591419869778090e-01,5.533476411113701365e-01,5.404354739660423013e-01,4.299603864716746715e-01,5.483067306516744566e-01,1.750422430200552493e-01,3.090888690340902745e-01,4.199089011072354993e-01,3.597280177177560878e-01,2.576829251387121045e-01,3.399230648319223613e-01,3.785987548531174474e-01,3.780240452428217379e-01,1.633001033268418056e-01,2.205810832973673918e-01,4.546689784527213063e-01,5.979576864485517396e-01,8.698734027061515162e-02,3.704629212771227142e-01,2.502700955571823260e-01,5.138305349601437477e-01,2.602608812830498053e-01,3.931707605343116030e-01,3.919282780412500222e-01,4.361673762854458847e-01
3.306011880359364108e-01,5.396765676041875848e-01,4.563921832932503753e-01,2.086512957280610980e-01,2.964293901153142174e-01,3.907680439794738447e-01,5.903485945034059323e-01,5.650022514686019459e-01,0.000000000000000000e+00,7.880325288059993050e-02,5.435383848144641483e-01,5.638942137446877334e-01,6.336343477087351683e-01,0.000000000000000000e+00,3.284223234024916671e-01,4.965672531791904265e-01,2.996905832046319329e-01,4.457001593167253528e-01,4.783946000308624269e-01,4.667065308032699589e-01,1.370494267256726906e-01,2.316910217499806579e-01,3.426824439769494690e-01,3.007085432603338604e-01,0.000000000000000000e+00,2.397441208760791864e-01,1.706565729348319682e-01,0.000000000000000000e+00,5.567832683096407553e-01,5.659204244479393298e-01,2.642538085536065839e-01,3.788849559575367953e-01,5.289461675378288597e-01,5.676929810009723187e-01,5.510092150756670248e-01,4.669687074992453502e-01,4.814884937162348666e-01,4.676199608006904040e-01,5.230777116748174249e-01,3.846268347336357918e-01,1.860920861145721750e-01,4.492428483236024506e-01,2.300484973279882106e-01,2.158855427197015064e-01,4.393830625822754410e-01,3.853222767447486707e-01,4.179813594847968661e-01,3.879196527661027405e-01,3.852152309786925355e-01,6.680993191490340599e-02,0.000000000000000000e+00,7.015820931316404940e-02,1.710901384189825736e-01,1.394732208290904163e-01,4.106956866475496293e-01,3.743676552967808990e-01,4.762797506081909438e-01,4.608286447571771638e-01,2.463446053933330548e-01,2.823107044077027838e-01,5.077741857511268719e-01,1.263015411833084689e-01,4.867429738786142601e-01,0.000000000000000000e+00,3.032244818704764588e-01,1.068537741605426750e-01,4.804837035666650324e-01,4.752309163057289454e-01,3.710771324865378418e-01,5.335994436924375028e-01,1.786810506429169221e-01,4.318273663457052325e-01,4.919933076900790403e-01,3.930697105833523275e-01,3.393621086967146816e-01,4.282523599745484133e-01,3.817649496366206652e-01,4.038279778447704249e-01,7.712882105497957663e-02,1.665151649271460754e-01,5.129680589161903503e-01,6.963337155226714259e-01,0.000000000000000000e+00,4.439998962144092731e-01,6.072399863666280706e-02,5.204523096565724094e-01,1.955419116936582546e-01,4.667543444783603945e-01,3.146802749361929941e-01,3.969131745710458570e-01
4.066812339534479070e-01,4.987139594051777092e-01,4.277133156942929948e-01,2.400579562761656072e-01,2.033795613439384198e-01,2.613408013778761863e-01,4.124454619430501512e-01,4.778803613543634032e-01,1.097605000498618477e-01,1.985688696938198994e-01,2.807605759588120975e-01,2.791067550968385214e-01,3.223904030275162591e-01,3.284223234024916671e-01,0.000000000000000000e+00,3.655901652384298539e-01,2.399506565556672466e-01,1.254283077295148263e-01,4.489420063113467307e-01,3.751323959899969251e-01,1.200502642811902415e-01,2.245382653703199560e-01,3.341286811358335496e-01,3.114865526931200335e-01,3.396842788815878644e-01,2.632951238171269415e-01,2.974267580271590661e-01,2.042923830515203099e-01,2.929349678242053057e-01,3.048089557659248161e-01,3.443320060478073374e-01,1.968284286690597240e-01,5.122278056805594781e-01,4.440496168600687188e-01,3.703552025405597581e-01,2.789311483968829330e-01,2.642276983157865189e-01,2.950886413117289053e-01,2.731428047982427110e-01,2.198258131864030407e-01,1.437395568394452816e-01,3.000883200722729294e-01,3.590943676625831804e-01,2.225621635799255593e-01,4.319679872750979421e-01,4.396638455668299139e-01,2.923201375374054334e-01,2.066992851585902347e-01,4.081783027781823447e-01,2.878137946845161221e-01,2.166160040271674081e-01,3.180319984010927525e-01,1.938786891832682546e-01,2.636933954851845563e-01,3.027211095456435186e-01,3.237960458937086394e-01,4.427727334992160313e-01,3.681140096977452703e-01,4.250952586618239604e-01,4.210306912598195672e-01,4.828276321165100304e-01,3.460412138725929565e-01,4.454562037907277006e-01,0.000000000000000000e+00,2.913620432395263027e-01,2.795483952650293924e-01,4.505850539762585316e-01,4.095249429311475509e-01,3.168300754324814283e-01,3.635806052223227725e-01,1.415405579875847197e-01,3.040164649759864446e-01,3.179235702561459820e-01,2.004772105772369140e-01,9.783656894652718872e-02,9.256894344127387930e-02,2.194737060349681856e-01,2.129110509467856405e-01,6.217784760256445803e-02,9.332890386783726511e-02,3.260602297070774869e-01,3.001415190422005996e-01,9.257131074235981638e-02,3.851202526957570593e-01,2.957643153424624471e-01,3.224291931284720691e-01,1.786024954497699990e-01,2.375936139452499984e-01,4.458488941923385851e-01,3.157456264530884571e-01
4.574846429363617073e-01,5.913881620213369272e-01,4.813881175684662228e-01,4.080722319172188639e-01,2.216265835692201869e-01,2.983720984179281666e-01,5.499865255595913771e-01,6.200963791908010725e-01,0.000000000000000000e+00,9.231626535819946466e-02,4.134869754291167210e-01,5.131503125418044320e-01,5.332827785240423779e-01,4.965672531791904265e-01,3.655901652384298539e-01,0.000000000000000000e+00,1.959040837480734154e-01,3.129340892894005299e-01,4.049532556125853278e-01,4.876838449708466028e-01,1.546540744123925670e-01,2.218562298795631882e-01,3.817585394548368982e-01,3.970323622701044108e-01,1.235302795248683916e-01,2.102487852135109803e-01,1.814661138745535529e-01,9.359803454133962253e-02,4.384454907949626445e-01,4.648478764256924745e-01,3.666411945103183467e-01,4.357713792677935238e-01,5.859234444745331505e-01,6.016694053014485233e-01,5.200227926564044978e-01,4.285524567799724460e-01,4.534483042021034693e-01,5.113372723119248286e-01,4.727265971932657629e-01,4.514393978588623346e-01,1.768036973921964516e-01,4.247152543008452796e-01,4.085148419507030337e-01,3.249768587118344043e-01,5.185009709871017947e-01,5.052029053800916047e-01,4.699675789078169852e-01,3.976859208160474779e-01,5.004413659562549910e-01,2.629971514411557632e-01,1.721512770212782484e-01,3.161703513101098983e-01,2.121652701409043051e-01,2.747020846374053638e-01,4.359804623928912881e-01,4.372223089464652990e-01,5.175889414969780944e-01,4.883318715661698062e-01,5.131252623557581716e-01,4.461938309741816377e-01,6.007041411407777476e-01,3.482415313020352787e-01,4.378356366396992105e-01,0.000000000000000000e+00,3.545744882757404515e-01,2.680087853756631944e-01,6.144777299591556163e-01,6.189218024781478755e-01,4.622271439005331550e-01,5.376686626848684591e-01,2.326200254566278824e-01,3.629931667893523395e-01,4.309728453014141092e-01,3.454724558334792972e-01,2.557941048278694618e-01,2.814247828638087867e-01,3.494682004656570751e-01,3.036361239412642687e-01,0.000000000000000000e+00,1.522541176342618874e-01,3.989612362081270125e-01,5.155151159392763471e-01,0.000000000000000000e+00,3.421951684055682952e-01,2.879887292055306469e-01,5.391255656688646036e-01,2.373036000537112056e-01,2.381113233727429335e-01,5.319927578349583630e-01,4.570346549203112008e-01
4.406846062928331254e-01,4.782569161894543730e-01,3.157525480725744127e-01,2.872308810974754656e-01,2.239405910033450964e-01,2.348456236058549251e-01,4.415969275658038207e-01,3.586806104174978249e-01,0.000000000000000000e+00,1.144105745487276060e-01,4.625473803370892534e-01,3.046602965010485886e-01,3.488640866034781185e-01,2.996905832046319329e-01,2.399506565556672466e-01,1.959040837480734154e-01,0.000000000000000000e+00,5.894116165830775023e-01,4.057921899610177352e-01,3.662632661063164874e-01,0.000000000000000000e+00,0.000000000000000000e+00,2.725808344141505413e-01,2.017435805876857113e-01,1.833552052113726627e-01,1.957458614789450713e-01,1.877497606234768412e-01,1.221749845979874377e-01,5.425058951292607290e-01,4.212048768419737743e-01,1.211134178826328844e-01,1.837965636838935213e-01,4.075110176839799592e-01,3.716425642373125116e-01,2.940714251872208473e-01,4.153892757900025101e-01,2.724409281908502511e-01,2.635063799032095200e-01,1.433864154132635516e-01,1.344659346782446918e-01,1.095274946496731794e-01,0.000000000000000000e+00,2.578365950328014855e-01,2.151613543696167252e-01,1.624311465730479687e-01,1.937219187433457945e-01,3.107798155403230234e-01,2.205861468737633502e-01,2.229105656016208969e-01,1.623661451172362657e-01,3.141103628237534862e-01,2.360269953315183300e-01,2.065228396420865364e-01,1.960511359849999580e-01,2.491045696109359386e-01,1.951720627824976295e-01,5.616602978695933723e-01,5.594164508068102393e-01,3.068382282788718052e-01,3.575626801416281197e-01,2.407966654410172436e-01,2.934559824079543966e-01,4.548604753680802748e-01,3.395189988122636615e-01,3.232580238008385121e-01,2.641459434824399710e-01,4.069964157293573526e-01,3.842904856848367579e-01,4.965754526749446285e-01,3.781731074064105802e-01,2.382879604772154547e-01,1.636813705586268597e-01,3.346085859295693243e-01,3.145671335016265724e-01,2.898759719134707535e-01,3.031853727294333556e-01,4.161788014380958245e-01,4.153700128422530558e-01,4.829400866469822917e-01,5.018323656606418215e-01,5.925870961427693873e-01,5.039625231634472513e-01,2.198806528031574670e-01,1.024407842201125185e-01,4.350729413443593652e-01,5.162247758113257534e-01,1.945341802703199618e-01,3.558465905015759101e-01,3.024701170460043498e-01,3.820964165855247341e-01
