0.000000000000000000e+00,3.958333885158895060e-01,4.476273304621822269e-01,4.282357741106219695e-01,2.487256913430288818e-01,0.000000000000000000e+00,4.880859937046657104e-01,3.416579282693723574e-01,2.496350386064552784e-01,1.270158866714182488e-01,1.537372781617611095e-01,1.755390003811709843e-01,2.857655064365218212e-01,1.045993996072629717e-01,3.087748460123410088e-01,2.889912639683957507e-01,2.019575493146776313e-01,2.035080177283134784e-01,5.831504271581310350e-01,5.418600204296738498e-01,2.742328001200375898e-01,1.077831022272415090e-01,3.286473386865665369e-01,2.240434802570821227e-01,2.127480151030823052e-01,0.000000000000000000e+00,1.771428499726517281e-01,6.824871532483975378e-02,3.468925295603205172e-01,2.206352083345033965e-01,3.218727940711522684e-01,2.088413048448692078e-01,4.226153884657108950e-01,3.028556162597286772e-01,1.210453628449184443e-01,9.351487918355630424e-02,2.649944844818030165e-01,1.960551587147108255e-01,1.326502399081533334e-01,1.849456869669949266e-01,1.749698888328491131e-01,2.549743098233310801e-01,8.703232530309211457e-02,1.518904873854444726e-01,9.613896721999033723e-02,1.096116532729021209e-01,1.293496081833987177e-01,1.709487874604099511e-01,2.266658283410184771e-01,3.201800585520906406e-01,3.536587908652635837e-01,4.101570981421718276e-01,0.000000000000000000e+00,3.228880193295994294e-01,0.000000000000000000e+00,1.118258150562310843e-01,7.008436160405949744e-01,4.210909575503508639e-01,3.652603387185984207e-01,3.193843550134471965e-01,4.791553096443343374e-01,4.333351013201803270e-01,4.301070626289705268e-01,2.639745655772774979e-01,1.799374917558889952e-01,3.220677308515424997e-01,1.854623842726220162e-01,2.266710234537983037e-01,3.166208648855464713e-01,3.708444769702702870e-01,3.125665564251507988e-01,8.747230903968890303e-02,2.045389342633371632e-01,1.927657373815860331e-01,9.988844758325864104e-02,1.321187895554118696e-01,2.153922000095495892e-01,1.442112908429056817e-01,7.269347045730946422e-02,1.121387783830000845e-01,3.484398292465635816e-01,2.132122699349655592e-01,2.661374507839352477e-01,0.000000000000000000e+00,3.094080910443969268e-01,4.031078299725861513e-01,1.551673242801151487e-01,1.424427416352244402e-01,0.000000000000000000e+00,2.235309262431108557e-01
3.958333885158895060e-01,0.000000000000000000e+00,1.519895339691960945e-01,2.808138082100967714e-01,0.000000000000000000e+00,1.112549209115379911e-01,0.000000000000000000e+00,3.271397701071943054e-01,0.000000000000000000e+00,1.486659004166925591e-01,3.025544217941579794e-01,2.600474990035299139e-01,4.647820917584035150e-01,2.005033809594589100e-01,0.000000000000000000e+00,0.000000000000000000e+00,0.000000000000000000e+00,2.426095015198113936e-01,4.586098242209332709e-01,2.864825012197510512e-01,1.974517158455648402e-01,0.000000000000000000e+00,1.636895187605829360e-01,1.113577749452790283e-01,0.000000000000000000e+00,0.000000000000000000e+00,1.112093170292507704e-01,0.000000000000000000e+00,0.000000000000000000e+00,6.949482018629986324e-02,7.039989445226962905e-02,0.000000000000000000e+00,3.252140192546019715e-01,2.768816041532431438e-01,0.000000000000000000e+00,0.000000000000000000e+00,3.567446333820988857e-01,1.803027667523748878e-01,3.414055339317922377e-01,2.594418856027208564e-01,2.981990653145422110e-01,8.468031751036271537e-02,0.000000000000000000e+00,6.917948721971896309e-02,0.000000000000000000e+00,1.994654469235790373e-01,2.696280385997894546e-01,1.798528236440753991e-01,0.000000000000000000e+00,1.840700546305949481e-01,0.000000000000000000e+00,1.946540871050402022e-01,0.000000000000000000e+00,0.000000000000000000e+00,3.536456354697752880e-01,2.981943441580745535e-01,3.834178014539708079e-01,6.566453420272816421e-01,0.000000000000000000e+00,1.319921838513346268e-01,0.000000000000000000e+00,1.854087484748954129e-01,0.000000000000000000e+00,4.374073568054301919e-01,0.000000000000000000e+00,2.602747655370054036e-01,0.000000000000000000e+00,1.240871371111283844e-01,3.158826391817724510e-01,2.873004674437121264e-01,0.000000000000000000e+00,0.000000000000000000e+00,0.000000000000000000e+00,9.901299935873413005e-02,0.000000000000000000e+00,0.000000000000000000e+00,0.000000000000000000e+00,0.000000000000000000e+00,0.000000000000000000e+00,0.000000000000000000e+00,0.000000000000000000e+00,0.000000000000000000e+00,7.124605465695128814e-02,0.000000000000000000e+00,0.000000000000000000e+00,0.000000000000000000e+00,0.000000000000000000e+00,0.000000000000000000e+00,1.999517103349320868e-01,1.324133359152567246e-01
4.476273304621822269e-01,1.519895339691960945e-01,0.000000000000000000e+00,5.597939992139915333e-01,2.083815013173695718e-01,1.497512812650994563e-01,6.792733296293758105e-01,5.145942344306175809e-01,2.617022149658664865e-01,9.813827232690607028e-02,2.006949141290359506e-01,3.333530157668593841e-01,3.788794362631323631e-01,2.776449793344802908e-01,4.369457053197165486e-01,2.600856811280680136e-01,1.956460392413665594e-01,1.153125797409626646e-01,4.004391477545058975e-01,3.552373991484047977e-01,2.292755515973742830e-01,1.513428649323969311e-01,5.295399476666809990e-01,4.613036797369238773e-01,2.766280421427089187e-01,2.408058543700111465e-01,2.534874316174406950e-01,0.000000000000000000e+00,3.472269622961913771e-01,2.587845281947424581e-01,5.706055169237513880e-01,4.677330719524919189e-01,4.217181983573531356e-01,3.928807505281240453e-01,3.249067456105387830e-01,2.163925104070981709e-01,1.108980369814183964e-01,0.000000000000000000e+00,1.244598590740897820e-01,0.000000000000000000e+00,0.000000000000000000e+00,0.000000000000000000e+00,1.886770098548283814e-01,1.300825204431754201e-01,3.372980923687934340e-01,1.843381637133659490e-01,1.322944102349217499e-01,1.061818691115442581e-01,3.922017480901152653e-01,2.997063702138589303e-01,4.687458517859672269e-01,4.073836191398984563e-01,1.300659931165690231e-01,2.788567625675927308e-01,0.000000000000000000e+00,6.975598345492273200e-02,4.628727910028055392e-01,1.155789362356903077e-01,4.903577220588021257e-01,4.533504045554022643e-01,5.834079115295048856e-01,5.747482024419253710e-01,4.292952415884073725e-01,3.526673530180948202e-01,4.389062798697410117e-01,4.435990161495206863e-01,4.119830354543854711e-01,3.548235460736261504e-01,1.524832852026387076e-01,1.613956757971230227e-01,5.352378568901049460e-01,3.167475941332820177e-01,3.233365264012931783e-01,1.624083960142130301e-01,1.681352692951316175e-01,1.579416512497811842e-01,2.728972847081116426e-01,2.054842044080315844e-01,1.595265834982073083e-01,0.000000000000000000e+00,3.465178151664733974e-01,1.084708954530619468e-01,1.894327659494702831e-01,6.431152152103489228e-02,4.721486605011658844e-01,4.611971740969387223e-01,2.447282334792422465e-01,1.506628655397742877e-01,6.505436949555476467e-02,1.942887165177776820e-01
4.282357741106219695e-01,2.808138082100967714e-01,5.597939992139915333e-01,0.000000000000000000e+00,1.867153756843821233e-01,1.126797031490114481e-01,4.807807332895671082e-01,4.814367281717282787e-01,2.100993636612411009e-01,0.000000000000000000e+00,2.076331474013548006e-01,2.446638864126313428e-01,3.721415437294653961e-01,2.480868516223169729e-01,3.437485818940122506e-01,1.791187947667276237e-01,1.106159834288575755e-01,7.125110399392034499e-02,4.310831725122538094e-01,3.882516628560777616e-01,2.800852401268679182e-01,1.439055761845214332e-01,4.049128520427537903e-01,4.721715163291342887e-01,1.897788287219339398e-01,1.457800251041529993e-01,2.385966636738255653e-01,1.046290211673775866e-01,2.732057987542365063e-01,1.777623482510624076e-01,4.461731348945944808e-01,3.884280468128815111e-01,3.887534495524615497e-01,3.949563491854629627e-01,1.082911783033586317e-01,0.000000000000000000e+00,1.984181755451845663e-01,7.762077338589749853e-02,1.751145393498707570e-01,1.026776768095266773e-01,1.076295441129263980e-01,0.000000000000000000e+00,1.885062635226238126e-01,2.536624046402427002e-01,1.834668317223121237e-01,1.992629656652139536e-01,1.877819392319321767e-01,2.048139509762456345e-01,2.737350078411807108e-01,3.023383459586127531e-01,2.817279237024424843e-01,4.030573579645468918e-01,0.000000000000000000e+00,2.507608473201385357e-01,9.369827301405909969e-02,1.224265048509561582e-01,3.695582333424344834e-01,1.563948613970068124e-01,3.218432048952873936e-01,3.790892789047411449e-01,3.782510971560796298e-01,4.337556482908456745e-01,2.738256416026542683e-01,3.368459025387327554e-01,1.536841610276638570e-01,3.633341199706207614e-01,2.323000780846018742e-01,3.548055733989190497e-01,1.436781761414237246e-01,2.634115554463282161e-01,3.256757256136046941e-01,1.613624415658656552e-01,1.529245982661582848e-01,9.612421335593386573e-02,0.000000000000000000e+00,1.613083888629870122e-01,1.453838663945575815e-01,1.111187757724072800e-01,0.000000000000000000e+00,0.000000000000000000e+00,2.407638530771242513e-01,0.000000000000000000e+00,1.771920930083646095e-01,8.869677346959048414e-02,3.267521324449814135e-01,3.902536605858253904e-01,1.309598832480366737e-01,0.000000000000000000e+00,0.000000000000000000e+00,2.551769672878373418e-01
2.487256913430288818e-01,0.000000000000000000e+00,2.083815013173695718e-01,1.867153756843821233e-01,0.000000000000000000e+00,7.387001256582705067e-02,3.696182917051921146e-01,1.268982148065034843e-01,5.929224344779788769e-01,2.736552390578643190e-01,0.000000000000000000e+00,8.920639625528446748e-02,0.000000000000000000e+00,0.000000000000000000e+00,4.763328734020270683e-01,4.106372615606763699e-01,0.000000000000000000e+00,0.000000000000000000e+00,1.465609623750193935e-01,1.883719949542672911e-01,1.311362394209497906e-01,2.323018923721445195e-01,8.372192076681571338e-02,7.569232948812175399e-02,5.291062072036175623e-01,2.171273885006015647e-01,1.830478210741002809e-01,8.843352412680206831e-02,3.005798221555948668e-01,2.817055413397456243e-01,3.103187018712801892e-01,2.400074466647728055e-01,0.000000000000000000e+00,0.000000000000000000e+00,2.376655030077403918e-01,1.262031035466655571e-01,0.000000000000000000e+00,2.022307934667946228e-01,0.000000000000000000e+00,0.000000000000000000e+00,0.000000000000000000e+00,1.410381748695559989e-01,1.266291565487579762e-01,7.380227249725919425e-02,0.000000000000000000e+00,0.000000000000000000e+00,0.000000000000000000e+00,1.105960627603139318e-01,1.141788028090856971e-01,1.567373223553985284e-01,3.260534590260925625e-01,2.107973728242901468e-01,0.000000000000000000e+00,3.934206207799529342e-01,0.000000000000000000e+00,0.000000000000000000e+00,9.286218382188565768e-02,0.000000000000000000e+00,1.931805428557083482e-01,1.858859166667565510e-01,2.617448660340593314e-01,1.013070391963569600e-01,1.483070037299853705e-01,0.000000000000000000e+00,2.191072886447478218e-01,0.000000000000000000e+00,0.000000000000000000e+00,7.538172736565401655e-02,0.000000000000000000e+00,1.564513446149609355e-01,1.579175575885308214e-01,8.900061803189643350e-02,3.996278846021421582e-01,2.408885969752252443e-01,3.466908999720875739e-01,1.820366648752471117e-01,3.542445546572617898e-01,2.215354692055723218e-01,1.316642860578118301e-01,1.306851980920578638e-01,2.737300074860020693e-01,6.932776563780680690e-02,2.150733352390468978e-01,0.000000000000000000e+00,3.622363433558316026e-01,2.534865507562338305e-01,1.780956891426318245e-01,2.537162375357082111e-01,0.000000000000000000e+00,0.000000000000000000e+00
0.000000000000000000e+00,1.112549209115379911e-01,1.497512812650994563e-01,1.126797031490114481e-01,7.387001256582705067e-02,0.000000000000000000e+00,1.159244518596734552e-01,1.820977997109140267e-01,8.867104080360108109e-02,2.113475018388767390e-01,1.660449561562764298e-01,1.595748754598281804e-01,2.737866604008208360e-01,8.149666421932000304e-02,2.631656348055438355e-01,2.377972574920342863e-01,0.000000000000000000e+00,0.000000000000000000e+00,0.000000000000000000e+00,0.000000000000000000e+00,6.904219321384623409e-02,1.848409289830811042e-01,1.016545448857036626e-01,2.237276483645949110e-01,9.462524051720921925e-02,7.463805748004466445e-02,1.281209749917535667e-01,2.321698754233648132e-01,0.000000000000000000e+00,1.407130332650189108e-01,1.597227037023015161e-01,6.653287921262532323e-02,0.000000000000000000e+00,0.000000000000000000e+00,1.675668782968719739e-01,7.446689323013523654e-02,0.000000000000000000e+00,1.137855487949179512e-01,0.000000000000000000e+00,0.000000000000000000e+00,0.000000000000000000e+00,0.000000000000000000e+00,1.628708414879213862e-01,1.553043545223812549e-01,0.000000000000000000e+00,0.000000000000000000e+00,0.000000000000000000e+00,1.075621720839390616e-01,8.265773943380169686e-02,0.000000000000000000e+00,0.000000000000000000e+00,0.000000000000000000e+00,0.000000000000000000e+00,1.458823123197303395e-01,0.000000000000000000e+00,0.000000000000000000e+00,0.000000000000000000e+00,0.000000000000000000e+00,0.000000000000000000e+00,1.072124478127483155e-01,0.000000000000000000e+00,0.000000000000000000e+00,0.000000000000000000e+00,1.516815524050235398e-01,0.000000000000000000e+00,1.275738975470054881e-01,0.000000000000000000e+00,9.734254301894565420e-02,0.000000000000000000e+00,0.000000000000000000e+00,1.158381447102940082e-01,1.681947891935587913e-01,1.418046147958573477e-01,2.509514195714344642e-01,8.990498808937895381e-02,2.051912012483789460e-01,1.901127551826976569e-01,2.250024881183757264e-01,1.309337548273528107e-01,0.000000000000000000e+00,1.058013452951387517e-01,1.260653976849953339e-01,0.000000000000000000e+00,6.893437550683186033e-02,1.108015479127761049e-01,9.324922987589950862e-02,1.743110142306879551e-01,1.453949211324933044e-01,0.000000000000000000e+00,0.000000000000000000e+00
4.880859937046657104e-01,0.000000000000000000e+00,6.792733296293758105e-01,4.807807332895671082e-01,3.696182917051921146e-01,1.159244518596734552e-01,0.000000000000000000e+00,4.268679412194802958e-01,4.565900842799280879e-01,9.420407643342594561e-02,9.742360773377438388e-02,1.951518650848190206e-01,2.469857720499439580e-01,1.993189161772045415e-01,5.653659026080291028e-01,2.871474122361863945e-01,2.286806041023431157e-01,1.120406394850727849e-01,3.373778805074986731e-01,3.850364982961117510e-01,2.694600304627819964e-01,2.180699570275336230e-01,5.058194225661156729e-01,3.965469825606715570e-01,4.296110429808909226e-01,2.112178792618486511e-01,2.869005942971438738e-01,1.574092966772734081e-01,4.130451630542198438e-01,2.764264791298897683e-01,4.905441950437445242e-01,4.280227001677361920e-01,3.457738811157331504e-01,2.533197777288352381e-01,4.051861225149253620e-01,2.454769962771038150e-01,0.000000000000000000e+00,1.134843285161836329e-01,0.000000000000000000e+00,0.000000000000000000e+00,0.000000000000000000e+00,1.279697181080944601e-01,2.701553374098205063e-01,2.261159729385564532e-01,4.192859329426334991e-01,1.157783480583897823e-01,6.123713122879046594e-02,1.488776388946473905e-01,4.800328896491732888e-01,3.025073884649049361e-01,5.897670203168824399e-01,4.317478108264207748e-01,3.059784483572638436e-01,3.640693925795486230e-01,0.000000000000000000e+00,0.000000000000000000e+00,3.896339282162630258e-01,0.000000000000000000e+00,5.700168613643924465e-01,4.068522320754809352e-01,7.112819805255209404e-01,4.989960634297816444e-01,5.807046863617940646e-01,2.298092338823166658e-01,5.492120169821962383e-01,4.076638124650762141e-01,4.504569865418889818e-01,3.932370596571477805e-01,8.407176034789659580e-02,2.245419296399936981e-01,5.596730224894068684e-01,2.379169763258088266e-01,4.173996083453122008e-01,1.853604066398489014e-01,2.815717881214115370e-01,2.180105575179346056e-01,3.847497907172486298e-01,2.318299274332192850e-01,2.568268257641894703e-01,1.690577311423379359e-01,4.443581115654227087e-01,2.163244953404048487e-01,2.318061902882700975e-01,1.593447263585757723e-01,6.438547600842986496e-01,5.336919447623345025e-01,3.809197385248372369e-01,3.663992618518508992e-01,0.000000000000000000e+00,1.941397366318388384e-01
3.416579282693723574e-01,3.271397701071943054e-01,5.145942344306175809e-01,4.814367281717282787e-01,1.268982148065034843e-01,1.820977997109140267e-01,4.268679412194802958e-01,0.000000000000000000e+00,1.377916565127044746e-01,1.226309953860361263e-01,1.891030688764096246e-01,3.392485951944338995e-01,4.106839343434089407e-01,2.805507874013786207e-01,3.325773672240336931e-01,1.684364047456080038e-01,0.000000000000000000e+00,0.000000000000000000e+00,3.423793309456895639e-01,3.674655603346850263e-01,2.741255533938768973e-01,1.987845897213277868e-01,4.049530600824775561e-01,3.405762341289825246e-01,1.633032837347161148e-01,1.881360741221909105e-01,1.570763895816185973e-01,9.909018795334566254e-02,1.454693358975506223e-01,0.000000000000000000e+00,3.945857926792229464e-01,4.460817008855383903e-01,4.779806128291689826e-01,5.255131268788596488e-01,0.000000000000000000e+00,0.000000000000000000e+00,3.337059758722668579e-01,1.949910518391258507e-01,3.176911014358786423e-01,2.494419572149110254e-01,1.347099682849667024e-01,9.882601512132963006e-02,2.541717103210572315e-01,9.481627089504936212e-02,1.493380359421492831e-01,2.249210916646701697e-01,2.867557062339977092e-01,2.769480468241677928e-01,2.795951649722920318e-01,2.903256000007290449e-01,2.212286242971078232e-01,3.654089262564277907e-01,0.000000000000000000e+00,1.331125231922505869e-01,2.435935581957650864e-01,2.769328381317289201e-01,2.497745999899390057e-01,1.566148610038351208e-01,3.690564868761968542e-01,4.406011457743957416e-01,3.421634990921179065e-01,4.916255271942499561e-01,2.360610619256713338e-01,3.614121475045822818e-01,1.627651347194976617e-01,4.855513266190092936e-01,3.682382881231737737e-01,4.825369783445895289e-01,1.218477178980464093e-01,1.677735851935610589e-01,2.164823062033152667e-01,2.156612918488473585e-01,0.000000000000000000e+00,0.000000000000000000e+00,0.000000000000000000e+00,0.000000000000000000e+00,0.000000000000000000e+00,0.000000000000000000e+00,0.000000000000000000e+00,0.000000000000000000e+00,1.455073038827700282e-01,0.000000000000000000e+00,1.157592071206732798e-01,0.000000000000000000e+00,3.209695797753904234e-01,3.389304838123622932e-01,0.000000000000000000e+00,0.000000000000000000e+00,1.688545075836422882e-01,2.814461055066841411e-01
2.496350386064552784e-01,0.000000000000000000e+00,2.617022149658664865e-01,2.100993636612411009e-01,5.929224344779788769e-01,8.867104080360108109e-02,4.565900842799280879e-01,1.377916565127044746e-01,0.000000000000000000e+00,2.691619249338337849e-01,0.000000000000000000e+00,0.000000000000000000e+00,0.000000000000000000e+00,6.338033971458711946e-02,6.033957909897611493e-01,4.230908832561223187e-01,6.949592832598688874e-02,0.000000000000000000e+00,1.048901679823073807e-01,2.367236604274665090e-01,1.792851542291257760e-01,2.729391211745258450e-01,8.465188022157736636e-02,0.000000000000000000e+00,6.606918197688329553e-01,2.095763780887529848e-01,1.539225042282379996e-01,1.784781329887057677e-01,3.709301939516252422e-01,2.851685797052441740e-01,3.197353114900017834e-01,3.041362452835796315e-01,0.000000000000000000e+00,0.000000000000000000e+00,2.861896536316036466e-01,1.384039505147349469e-01,6.211146767759306853e-02,2.225340231904009147e-01,0.000000000000000000e+00,0.000000000000000000e+00,0.000000000000000000e+00,2.160080357279916263e-01,1.658440544763213342e-01,0.000000000000000000e+00,5.930904124816129691e-02,0.000000000000000000e+00,0.000000000000000000e+00,1.033900185958540052e-01,1.400360099671992542e-01,1.023340447909726891e-01,3.866894255244719414e-01,1.907234864038012956e-01,0.000000000000000000e+00,3.944744945134952552e-01,0.000000000000000000e+00,0.000000000000000000e+00,9.679570079558344475e-02,0.000000000000000000e+00,2.092538504500940089e-01,1.760497269984629409e-01,3.667629984765951590e-01,1.417775864123983764e-01,2.449708085647492040e-01,0.000000000000000000e+00,2.696334730614543540e-01,0.000000000000000000e+00,0.000000000000000000e+00,1.146065500487435246e-01,0.000000000000000000e+00,2.428742507437911535e-01,2.283747290137380925e-01,6.307936464594542103e-02,4.920058297910511191e-01,2.927257260706255249e-01,3.955931425747951091e-01,2.591357338844696434e-01,4.465587850009611337e-01,2.034914053172456605e-01,1.789038096121567667e-01,1.179324949731337530e-01,3.649197874045277401e-01,1.341868771454228504e-01,1.800165219266750827e-01,0.000000000000000000e+00,4.500882270340809677e-01,3.033272265900542330e-01,2.178249083333339275e-01,2.565812732658313555e-01,0.000000000000000000e+00,0.000000000000000000e+00
1.270158866714182488e-01,1.486659004166925591e-01,9.813827232690607028e-02,0.000000000000000000e+00,2.736552390578643190e-01,2.113475018388767390e-01,9.420407643342594561e-02,1.226309953860361263e-01,2.691619249338337849e-01,0.000000000000000000e+00,1.829388229447360958e-01,1.691435244253839121e-01,3.684676940107451948e-01,1.665541329818957250e-01,3.839739048699417623e-01,3.988747894124148874e-01,5.983735400539234167e-02,1.327022328073330648e-01,1.021523990121403352e-01,0.000000000000000000e+00,8.713680892504091502e-02,1.977717340017290659e-01,0.000000000000000000e+00,0.000000000000000000e+00,2.910409478324352262e-01,2.370397212810753385e-01,1.792351730778006802e-01,9.843999721412782788e-02,1.717631992741984470e-01,2.913167595614815086e-01,1.145093940765530421e-01,1.363305394314103802e-01,0.000000000000000000e+00,0.000000000000000000e+00,1.208380044063810527e-01,9.284465345109896295e-02,1.943828161740965843e-01,2.586065909504011717e-01,0.000000000000000000e+00,0.000000000000000000e+00,9.468329288329120630e-02,1.658397273980976305e-01,0.000000000000000000e+00,0.000000000000000000e+00,0.000000000000000000e+00,0.000000000000000000e+00,0.000000000000000000e+00,1.073815708760725435e-01,0.000000000000000000e+00,0.000000000000000000e+00,0.000000000000000000e+00,0.000000000000000000e+00,0.000000000000000000e+00,2.465301231707585083e-01,0.000000000000000000e+00,0.000000000000000000e+00,0.000000000000000000e+00,0.000000000000000000e+00,0.000000000000000000e+00,0.000000000000000000e+00,0.000000000000000000e+00,0.000000000000000000e+00,0.000000000000000000e+00,0.000000000000000000e+00,0.000000000000000000e+00,0.000000000000000000e+00,0.000000000000000000e+00,0.000000000000000000e+00,0.000000000000000000e+00,0.000000000000000000e+00,0.000000000000000000e+00,0.000000000000000000e+00,2.435797423090564906e-01,2.921715270644996143e-01,1.986966807687070014e-01,2.337107269271911369e-01,3.058832592041957343e-01,2.347990078255721702e-01,0.000000000000000000e+00,9.774856332268855308e-02,1.569559767797419070e-01,1.987952849384448661e-01,1.149042008633065770e-01,0.000000000000000000e+00,1.614210102271669833e-01,8.606187507960409711e-02,1.674257923664425607e-01,2.140387435998479526e-01,0.000000000000000000e+00,0.000000000000000000e+00
1.537372781617611095e-01,3.025544217941579794e-01,2.006949141290359506e-01,2.076331474013548006e-01,0.000000000000000000e+00,1.660449561562764298e-01,9.742360773377438388e-02,1.891030688764096246e-01,0.000000000000000000e+00,1.829388229447360958e-01,0.000000000000000000e+00,3.344753913900164743e-01,5.924141753698443091e-01,3.038781166197623840e-01,1.404994457845983591e-01,9.751761690512583680e-02,2.103464008166302801e-01,4.190594046010129858e-01,8.847848950892672759e-02,0.000000000000000000e+00,7.099438963325827023e-02,8.681837360622571276e-02,2.934159125434405713e-01,2.757785568197291259e-01,0.000000000000000000e+00,0.000000000000000000e+00,1.509692867629648383e-01,1.031338774405907155e-01,7.383858174511835626e-02,2.546579180031064982e-01,2.205347868396007605e-01,1.190898726604535801e-01,0.000000000000000000e+00,0.000000000000000000e+00,1.365594539687313425e-01,7.975906440033087019e-02,8.086968288271652316e-02,0.000000000000000000e+00,0.000000000000000000e+00,0.000000000000000000e+00,0.000000000000000000e+00,0.000000000000000000e+00,0.000000000000000000e+00,1.411895450084459658e-01,0.000000000000000000e+00,6.800885952600098372e-02,0.000000000000000000e+00,0.000000000000000000e+00,7.027197865417686429e-02,0.000000000000000000e+00,0.000000000000000000e+00,6.553042590434364489e-02,0.000000000000000000e+00,0.000000000000000000e+00,0.000000000000000000e+00,0.000000000000000000e+00,1.496858541192130354e-01,7.090937528409790858e-02,0.000000000000000000e+00,0.000000000000000000e+00,0.000000000000000000e+00,8.292726652805566812e-02,1.032519427771656367e-01,4.218552374791658677e-01,0.000000000000000000e+00,2.080182962855338102e-01,0.000000000000000000e+00,0.000000000000000000e+00,0.000000000000000000e+00,0.000000000000000000e+00,2.849082988310395748e-01,3.461731828773080277e-01,1.536088999543229749e-01,2.765712793132276692e-01,7.036198920464978301e-02,1.152120506727238730e-01,1.388554126112137854e-01,2.891488599439800966e-01,9.005841284877171005e-02,0.000000000000000000e+00,0.000000000000000000e+00,1.690678669545707391e-01,0.000000000000000000e+00,1.369839290232085505e-01,0.000000000000000000e+00,7.492575387070547766e-02,1.450449119216530303e-01,0.000000000000000000e+00,0.000000000000000000e+00,0.000000000000000000e+00
1.755390003811709843e-01,2.600474990035299139e-01,3.333530157668593841e-01,2.446638864126313428e-01,8.920639625528446748e-02,1.595748754598281804e-01,1.951518650848190206e-01,3.392485951944338995e-01,0.000000000000000000e+00,1.691435244253839121e-01,3.344753913900164743e-01,0.000000000000000000e+00,4.168531762196966417e-01,3.954147971554445307e-01,1.596226229659812035e-01,1.792488997647721793e-01,2.282825083931273313e-01,3.203344003192181155e-01,1.621226691770558115e-01,1.276352911128193213e-01,1.370128368991442025e-01,0.000000000000000000e+00,3.146900848050157018e-01,3.583348138493707702e-01,7.401988530009419309e-02,1.841327861247517295e-01,1.104385133421054849e-01,0.000000000000000000e+00,2.878167598563862173e-01,2.822036330148173233e-01,4.163477475792487503e-01,2.917866618760775466e-01,2.506246215198825733e-01,2.322841275558618634e-01,1.170048290208311609e-01,2.132372614604181316e-01,0.000000000000000000e+00,0.000000000000000000e+00,0.000000000000000000e+00,0.000000000000000000e+00,0.000000000000000000e+00,0.000000000000000000e+00,0.000000000000000000e+00,0.000000000000000000e+00,9.181366605562064909e-02,1.356887531323375529e-01,0.000000000000000000e+00,0.000000000000000000e+00,1.191576740483028668e-01,1.175810618931782681e-01,8.542378458334154434e-02,1.658945555605934874e-01,0.000000000000000000e+00,1.404977570031037404e-01,0.000000000000000000e+00,0.000000000000000000e+00,1.579309561754950464e-01,9.846435436781408868e-02,8.667121260784856063e-02,1.783098185882827369e-01,1.013944031209682295e-01,2.996529018250319032e-01,1.289441293684630563e-01,3.986811193105644358e-01,1.518835071896152689e-01,1.852641709052121055e-01,1.302780290250981354e-01,1.317137716230036559e-01,7.296317550241383787e-02,0.000000000000000000e+00,2.493243874853068309e-01,3.297050404263205947e-01,1.330817944517120599e-01,1.627410422394512390e-01,8.785954489878029794e-02,7.619171814454803182e-02,1.632333526431405113e-01,1.717736551653060439e-01,0.000000000000000000e+00,1.081022264467317168e-01,2.100024350208255230e-01,1.842518293963103515e-01,1.800580770140100817e-01,7.658160298628823026e-02,1.379922600630912877e-01,2.601558028044012594e-01,8.751578744737412152e-02,1.945658255995780517e-01,0.000000000000000000e+00,9.545081139478585330e-02
2.857655064365218212e-01,4.647820917584035150e-01,3.788794362631323631e-01,3.721415437294653961e-01,0.000000000000000000e+00,2.737866604008208360e-01,2.469857720499439580e-01,4.106839343434089407e-01,0.000000000000000000e+00,3.684676940107451948e-01,5.924141753698443091e-01,4.168531762196966417e-01,0.000000000000000000e+00,3.492149374070722678e-01,3.734486673141995672e-01,2.940986140083763911e-01,1.533504864813104995e-01,2.555988938484076156e-01,2.550336682795322218e-01,1.059526027276418980e-01,2.437511229866299312e-01,8.456851243389722217e-02,3.995468493952704092e-01,3.012109560358672278e-01,9.140733761242744726e-02,1.505449871307328880e-01,2.558010932476345589e-01,0.000000000000000000e+00,1.709750940251380802e-01,2.725524183325364613e-01,3.287977704952417812e-01,2.234627465845129002e-01,1.741855229840213737e-01,9.984759662862774388e-02,1.333678937074836424e-01,0.000000000000000000e+00,2.711001767860485301e-01,1.094108987797818983e-01,2.024105433525080211e-01,0.000000000000000000e+00,2.539068063179190093e-01,0.000000000000000000e+00,0.000000000000000000e+00,6.140775023558822654e-02,0.000000000000000000e+00,0.000000000000000000e+00,1.264165497371969316e-01,1.650313515221470684e-01,0.000000000000000000e+00,0.000000000000000000e+00,0.000000000000000000e+00,1.549812765160710759e-01,0.000000000000000000e+00,1.611736179473602371e-01,1.174763729835921755e-01,0.000000000000000000e+00,1.889266650761330657e-01,1.277676107283808593e-01,0.000000000000000000e+00,0.000000000000000000e+00,0.000000000000000000e+00,2.493499369551097633e-01,0.000000000000000000e+00,4.087489955946165265e-01,0.000000000000000000e+00,2.757885788807025729e-01,0.000000000000000000e+00,0.000000000000000000e+00,0.000000000000000000e+00,0.000000000000000000e+00,2.032331027223548692e-01,2.230014832061842922e-01,1.336707349586508109e-01,3.371593823754237551e-01,0.000000000000000000e+00,1.816245283048319725e-01,1.910777263081410160e-01,2.577404388241461564e-01,0.000000000000000000e+00,9.955961620150799440e-02,1.911717368748965806e-01,1.621248562028207996e-01,2.021034403403857427e-01,0.000000000000000000e+00,2.012529304095515281e-01,1.549818167347555009e-01,1.932953409117064980e-01,0.000000000000000000e+00,0.000000000000000000e+00,0.000000000000000000e+00
1.045993996072629717e-01,2.005033809594589100e-01,2.776449793344802908e-01,2.480868516223169729e-01,0.000000000000000000e+00,8.149666421932000304e-02,1.993189161772045415e-01,2.805507874013786207e-01,6.338033971458711946e-02,1.665541329818957250e-01,3.038781166197623840e-01,3.954147971554445307e-01,3.492149374070722678e-01,0.000000000000000000e+00,1.557275181314983215e-01,2.323690739179863629e-01,1.216971731970582365e-01,2.078985217523888207e-01,7.181314407467040417e-02,6.088027315416335433e-02,1.418516474314069076e-01,0.000000000000000000e+00,2.468243622543993820e-01,1.973540233552256995e-01,8.690639378061794373e-02,1.020329369129074071e-01,1.186605599928673566e-01,0.000000000000000000e+00,1.942452942702698193e-01,2.294135623388695033e-01,3.057905996099634649e-01,3.287920729492422312e-01,2.067730677628949465e-01,2.494396951710844690e-01,1.591941238411491433e-01,1.086481555398536164e-01,9.441098419325381907e-02,0.000000000000000000e+00,1.408624403642662060e-01,8.001306508767486170e-02,0.000000000000000000e+00,0.000000000000000000e+00,0.000000000000000000e+00,0.000000000000000000e+00,0.000000000000000000e+00,0.000000000000000000e+00,0.000000000000000000e+00,0.000000000000000000e+00,1.096607047496562792e-01,6.326765717942042788e-02,6.451577589022541859e-02,1.123826055959497860e-01,0.000000000000000000e+00,7.802955403790784450e-02,8.045004996598065228e-02,0.000000000000000000e+00,7.218583818171545041e-02,0.000000000000000000e+00,0.000000000000000000e+00,1.002815770756661645e-01,1.091312290168133109e-01,2.996305320895368274e-01,6.539983927300581368e-02,2.523605975758340114e-01,1.657448578901699610e-01,1.318138880546242675e-01,0.000000000000000000e+00,6.808128186624304301e-02,0.000000000000000000e+00,0.000000000000000000e+00,2.338138328873146099e-01,2.178101777204151379e-01,0.000000000000000000e+00,6.466549672150576078e-02,9.962641053736620567e-02,0.000000000000000000e+00,1.063183873013093944e-01,5.972475286260029576e-02,0.000000000000000000e+00,0.000000000000000000e+00,1.184437132226040107e-01,0.000000000000000000e+00,1.202298235755660666e-01,1.039214642583621007e-01,0.000000000000000000e+00,1.792359959844432582e-01,9.312278886728148075e-02,9.807932188622536795e-02,0.000000000000000000e+00,1.648120644180451067e-01
3.087748460123410088e-01,0.000000000000000000e+00,4.369457053197165486e-01,3.437485818940122506e-01,4.763328734020270683e-01,2.631656348055438355e-01,5.653659026080291028e-01,3.325773672240336931e-01,6.033957909897611493e-01,3.839739048699417623e-01,1.404994457845983591e-01,1.596226229659812035e-01,3.734486673141995672e-01,1.557275181314983215e-01,0.000000000000000000e+00,5.568166857741293496e-01,1.029302412663584271e-01,7.013660764736284747e-02,2.531370268973808790e-01,2.061826072464754134e-01,3.342945102100528532e-01,3.904864543166584046e-01,3.051887164020755661e-01,2.117822013115721602e-01,5.527469420340092032e-01,2.892164562251470228e-01,2.823794374135620289e-01,2.638712715011077292e-01,3.850755495233922354e-01,3.981453867647489209e-01,3.955175723841647395e-01,3.454952158560320452e-01,0.000000000000000000e+00,0.000000000000000000e+00,3.291442430738769631e-01,1.812715070085651470e-01,2.053373936289957513e-01,3.289847045594344044e-01,0.000000000000000000e+00,0.000000000000000000e+00,0.000000000000000000e+00,2.835790297541984639e-01,2.878837182456243093e-01,1.649215798327115790e-01,0.000000000000000000e+00,0.000000000000000000e+00,0.000000000000000000e+00,2.517344710998424273e-01,1.951251738195874941e-01,8.384967053096205325e-02,2.921376619217425086e-01,2.013688694060076223e-01,0.000000000000000000e+00,4.161099835348011089e-01,0.000000000000000000e+00,0.000000000000000000e+00,2.149049063798093850e-01,0.000000000000000000e+00,2.558458200093394752e-01,2.274308494842205430e-01,3.600138724699122328e-01,2.163044407069442121e-01,2.562760488050885299e-01,0.000000000000000000e+00,1.699773477773173780e-01,2.114855320579716036e-01,1.328099042985722844e-01,1.965743525566838179e-01,0.000000000000000000e+00,2.204244418180973941e-01,3.590723699826877668e-01,2.566021490935374572e-01,5.168583807881056424e-01,4.297704854650891693e-01,3.966774722572425915e-01,3.657623695330185498e-01,4.847131842273182389e-01,3.477156825841047905e-01,1.544958739502590994e-01,1.196330533746505220e-01,3.537899191569693902e-01,2.136413252088882331e-01,2.459817811122936015e-01,0.000000000000000000e+00,5.356064411108195644e-01,3.474467751568978691e-01,3.730682244620482924e-01,3.577662245881260139e-01,0.000000000000000000e+00,0.000000000000000000e+00
2.889912639683957507e-01,0.000000000000000000e+00,2.600856811280680136e-01,1.791187947667276237e-01,4.106372615606763699e-01,2.377972574920342863e-01,2.871474122361863945e-01,1.684364047456080038e-01,4.230908832561223187e-01,3.988747894124148874e-01,9.751761690512583680e-02,1.792488997647721793e-01,2.940986140083763911e-01,2.323690739179863629e-01,5.568166857741293496e-01,0.000000000000000000e+00,0.000000000000000000e+00,0.000000000000000000e+00,1.326520614098156692e-01,1.229356810646635295e-01,1.901867356824541444e-01,2.604679443433176034e-01,1.247796095082039092e-01,7.414333922834979995e-02,4.661632613362328148e-01,2.938765359794744403e-01,1.331176818949106611e-01,9.205270340189991574e-02,3.748004291460846904e-01,4.659422159266090047e-01,2.770473271747669330e-01,1.686423986946099240e-01,0.000000000000000000e+00,0.000000000000000000e+00,2.281717565273063408e-01,1.324683934634396654e-01,1.506216100395940949e-01,3.336660024574080730e-01,0.000000000000000000e+00,0.000000000000000000e+00,0.000000000000000000e+00,2.937184865156199920e-01,1.197412072445813019e-01,6.230262612179818249e-02,0.000000000000000000e+00,0.000000000000000000e+00,0.000000000000000000e+00,9.327002520442002897e-02,0.000000000000000000e+00,0.000000000000000000e+00,1.762947763261909495e-01,9.985993624948666381e-02,0.000000000000000000e+00,3.688082050295756198e-01,0.000000000000000000e+00,0.000000000000000000e+00,1.332893896660944932e-01,0.000000000000000000e+00,8.907589948399634305e-02,6.850492093958164552e-02,1.559296932331440400e-01,1.129429147252398874e-01,6.120148738402981375e-02,0.000000000000000000e+00,0.000000000000000000e+00,0.000000000000000000e+00,0.000000000000000000e+00,0.000000000000000000e+00,0.000000000000000000e+00,1.031114082408323557e-01,1.884828795233920717e-01,1.206933772463345267e-01,3.755811287631017348e-01,4.107045779912821826e-01,3.004581194009682821e-01,2.937406042534309036e-01,4.200386811769458717e-01,2.942356496872693961e-01,7.610773609867303724e-02,0.000000000000000000e+00,2.103876674932826096e-01,7.832730285886344013e-02,2.362638023613774507e-01,0.000000000000000000e+00,3.378218724664989181e-01,2.384475397667318586e-01,2.545830400985716335e-01,2.735559584123368748e-01,0.000000000000000000e+00,0.000000000000000000e+00
2.019575493146776313e-01,0.000000000000000000e+00,1.956460392413665594e-01,1.106159834288575755e-01,0.000000000000000000e+00,0.000000000000000000e+00,2.286806041023431157e-01,0.000000000000000000e+00,6.949592832598688874e-02,5.983735400539234167e-02,2.103464008166302801e-01,2.282825083931273313e-01,1.533504864813104995e-01,1.216971731970582365e-01,1.029302412663584271e-01,0.000000000000000000e+00,0.000000000000000000e+00,5.523787499147306823e-01,1.292044290954001140e-01,6.450482461957074420e-02,7.080289338277674649e-02,0.000000000000000000e+00,2.647756196626486758e-01,1.581722453362130465e-01,2.155151004135792969e-01,0.000000000000000000e+00,1.260977756757216961e-01,0.000000000000000000e+00,4.568976444357995548e-01,2.836256814069886834e-01,2.679629225340331433e-01,2.707101575581701280e-01,1.852790143652054689e-01,1.729188704651380415e-01,3.777266698615679430e-01,3.276599545044604489e-01,0.000000000000000000e+00,0.000000000000000000e+00,0.000000000000000000e+00,0.000000000000000000e+00,0.000000000000000000e+00,0.000000000000000000e+00,0.000000000000000000e+00,2.133737309744928312e-01,1.263492829519689276e-01,1.013199243121877674e-01,0.000000000000000000e+00,6.667163570930571825e-02,1.686373874235545245e-01,1.364893960289977337e-01,2.366316275496406496e-01,2.385975391312027405e-01,0.000000000000000000e+00,2.082397130049522538e-01,0.000000000000000000e+00,0.000000000000000000e+00,3.387618421636985344e-01,1.029521266820978553e-01,8.613214378536490634e-02,1.224211662044905058e-01,1.986025560397766121e-01,3.045535169684701615e-01,3.290211888751511937e-01,1.168833781189390492e-01,3.091013872754312386e-01,1.449837189869735976e-01,0.000000000000000000e+00,0.000000000000000000e+00,0.000000000000000000e+00,0.000000000000000000e+00,3.771918271839616033e-01,2.973945218417384795e-01,3.531711845588691445e-01,2.803119162925097885e-01,3.089955725904386941e-01,2.109479428626376829e-01,3.485073367298655023e-01,4.003998367418613036e-01,4.054556793533445891e-01,5.735261205660596717e-01,5.514211240238137135e-01,4.396568856061929820e-01,9.428888151324821276e-02,0.000000000000000000e+00,9.079015930266508272e-02,3.000705628470584641e-01,1.695632324276488412e-01,0.000000000000000000e+00,0.000000000000000000e+00,0.000000000000000000e+00
