0.000000000000000000e+00,6.343077713958195085e-01,6.845872175706734231e-01,5.842222172518498624e-01,5.117426122961253876e-01,5.267092613475149454e-01,6.184263184262737134e-01,5.869134225053759257e-01,3.090464706836887898e-01,4.733859200258490607e-01,5.488297178681583732e-01,2.691561709990515361e-01,5.427286684624119673e-01,1.926614536965497726e-01,5.660096435743352528e-01,2.162497456286712472e-01,8.288085386417642919e-01,5.379722295003974697e-01,6.940693658428056523e-01,7.482608301245963212e-01,6.698178401288686912e-01,5.058532173190131154e-01,5.597409638399599707e-01,4.669285842963215027e-01,6.032675215900628052e-01,6.257948332780458589e-01,6.397660273802364683e-01,5.422713681990948276e-01,7.749514314271204185e-01,4.937433345298764542e-01,6.194233917061018335e-01,3.388347304663054116e-01,6.925029604552417339e-01,7.414187871217664538e-01,3.373744144600768213e-01,3.182366961265037375e-01,7.536570791759017451e-01,7.267260583866296253e-01,7.753269747821797120e-01,7.879017166924545679e-01,5.504590343518128703e-01,5.067477644051234797e-01,6.222018450014696889e-01,5.269271906123083049e-01,6.985307190494368657e-01,4.255434964767281780e-01,6.686124956798290553e-01,4.937062150986991083e-01,6.103225257265303405e-01,4.912226426260087875e-01,5.756388819899450615e-01,5.733153470787379913e-01,5.001873355289613299e-01,6.254284575215668385e-01,7.230079510250608799e-01,5.899455387958204566e-01,9.438360986277928300e-01,6.269527959944931617e-01,5.339256355866276449e-01,4.827863388018311941e-01,6.695938233446574461e-01,4.987458495022166760e-01,7.809668027150451497e-01,9.852610874795032780e-02,6.880764124468187193e-01,5.347891286811490286e-01,5.561919938508449457e-01,4.913845390477847852e-01,7.396091940691912336e-01,6.369828848066338978e-01,2.554948466402972018e-01,0.000000000000000000e+00,4.247761564236835485e-01,3.094759246420243359e-01,3.031264811689389216e-01,0.000000000000000000e+00,4.930093600585387925e-01,3.914186483865845223e-01,5.523355362053670170e-01,2.828235006411726205e-01,8.998136080878120779e-01,7.703522089963612540e-01,5.361957328281050650e-01,4.807147421587062985e-01,6.052759468667339160e-01,5.298110387419857625e-01,5.715866524502135615e-01,4.501812252456767749e-01,4.394742664743525595e-01,4.796784422561999883e-01
6.343077713958195085e-01,0.000000000000000000e+00,1.540951053740436671e-01,5.043827323083452940e-01,0.000000000000000000e+00,1.853095823700126599e-01,4.437910409815308266e-01,3.795604521880271975e-01,3.125664139206901226e-01,0.000000000000000000e+00,4.025355844811247530e-01,6.184353235143736915e-01,2.599280679188707976e-01,4.540629165631147601e-01,1.236241630500711369e-01,9.337325848904733105e-02,2.745295825103910015e-01,9.026287667686012650e-01,7.783461636407250639e-01,8.075535353822731466e-01,3.999529762117799980e-01,3.456780737490249278e-01,1.019505629100199706e-01,0.000000000000000000e+00,1.057359733006229402e-01,3.228559032313004229e-01,2.314969759437523478e-01,3.810382534272426791e-01,5.230452602845057086e-01,6.528987028553421279e-01,3.042035261312797112e-01,0.000000000000000000e+00,7.371825051560288999e-01,7.667874525088539395e-01,5.738616089513073337e-01,6.848651940348055023e-01,3.752953219910221683e-01,5.220914496653393799e-01,2.177196966016154145e-01,4.018414902160968860e-01,3.457289665077006302e-01,4.601432959130377642e-01,5.498812371762679119e-01,5.312949510493137906e-01,6.379061726049680692e-01,5.729428078539658964e-01,4.726890149462931734e-01,5.229019940556581814e-01,3.525467858376815089e-01,5.911065093545704308e-01,5.197288380111543260e-01,5.190032232682282309e-01,5.303895618400474854e-01,4.862568006443769852e-01,4.948148340349306507e-01,1.270824359003220327e-01,5.781757071043992502e-01,9.255837936119477583e-01,3.220481335925647892e-01,4.490801834328943531e-01,4.066715447852709553e-01,5.697462519836625772e-01,5.513980416656589778e-01,7.184922499793400252e-01,3.804581605548804646e-01,6.379307687372349767e-01,6.265380614888507171e-01,5.493267473430545333e-01,8.267827203585879081e-01,8.373888047549100655e-01,0.000000000000000000e+00,0.000000000000000000e+00,1.957832028226065002e-01,5.039445382127611950e-01,6.887735129507208121e-02,8.023198078806152711e-02,3.604391816157624939e-01,3.357994378925138190e-01,3.544418342328276017e-01,3.227684370647115886e-01,6.716314209214159225e-01,7.434465842751495357e-01,4.502895249541685185e-01,5.083830161645664925e-01,5.479871144913164294e-01,6.134015007198335701e-01,0.000000000000000000e+00,4.637063894942203279e-01,5.633485296998457237e-01,4.337091808361118184e-01
6.845872175706734231e-01,1.540951053740436671e-01,0.000000000000000000e+00,7.420266209716943617e-01,8.646541297426361128e-01,8.104046686373945763e-01,7.586853904241037672e-01,7.642202704689188275e-01,4.493685112701462647e-01,8.054546321123781105e-01,5.412246364031042534e-01,1.218461545280464797e-01,6.281958754477294793e-01,1.826905220345528824e-01,7.896524859857467771e-01,4.078757055021356437e-01,8.395083500276754318e-01,0.000000000000000000e+00,5.096612808490085245e-01,5.249791769147392761e-01,6.063971799315897027e-01,3.657794779362354420e-01,8.705526258483655688e-01,7.781415025553251041e-01,7.869211022293918223e-01,6.028082441885089793e-01,8.336826327790067825e-01,6.397739068997182477e-01,5.408652610180763043e-01,2.145212078472695516e-01,7.051059631011531437e-01,4.321364079970632099e-01,5.899394270837112764e-01,6.046303447843677237e-01,2.853584583476114211e-01,9.594437174240828814e-02,5.418171161423608329e-01,4.818203948162931294e-01,8.044778389971565247e-01,6.569579519515668098e-01,3.516277465289692761e-01,2.952018375466323175e-01,6.175505817036439637e-01,5.113050729719939014e-01,5.419312354763259343e-01,3.253268999407862849e-01,7.210451953115580848e-01,5.286710896335559129e-01,6.165444566898631296e-01,3.720089939344101704e-01,5.556659081958204016e-01,4.794714609734808120e-01,5.960609449711187224e-01,6.834561894004363980e-01,7.507677286799837590e-01,7.814017826794367183e-01,6.345152191086282922e-01,8.419436912559132014e-02,7.372950935721297450e-01,6.555169102069137166e-01,7.522244590380933182e-01,4.646447875083595802e-01,6.602816978028553940e-01,0.000000000000000000e+00,6.746936314040455906e-01,4.608345498846050936e-01,5.538917302545964816e-01,5.331091765453513931e-01,3.163176805617213261e-01,3.036119269440480384e-01,5.502238035598355781e-01,0.000000000000000000e+00,4.839513528309442036e-01,1.245839304142622728e-01,3.213709864349439393e-01,0.000000000000000000e+00,1.509214415314505398e-01,0.000000000000000000e+00,2.076689762415203366e-01,0.000000000000000000e+00,6.147958572365687102e-01,4.414696689100086058e-01,3.357204472038290977e-01,1.716033843314789809e-01,6.337746041980053535e-01,4.196912489905725852e-01,8.241359735137058218e-01,4.435784352807680131e-01,4.490394413368642978e-01,5.393706570434718683e-01
5.842222172518498624e-01,5.043827323083452940e-01,7.420266209716943617e-01,0.000000000000000000e+00,5.007760929097491154e-01,6.713047755725431998e-01,8.333923937721721131e-01,8.532573350295553638e-01,5.844732364474548580e-01,6.322492053120123412e-01,5.817394247601980206e-01,4.953827308901836424e-01,5.381360120070501907e-01,5.005243652732991322e-01,5.947397163640741891e-01,3.915916416276438716e-01,5.592317840159679587e-01,4.025138152605237107e-01,7.414424689118633838e-01,7.161542277906201015e-01,5.993581214045743399e-01,4.032307371389651784e-01,7.038323493760814120e-01,5.748783264516974523e-01,5.134916538796288066e-01,4.906650326315321053e-01,6.819540039419088595e-01,6.796867680176885695e-01,5.441626643342541980e-01,4.742147052043789168e-01,6.514049871601069741e-01,3.660243582669330253e-01,8.274120470647708947e-01,8.178684805289828663e-01,5.306676435649209100e-01,4.580642859305691372e-01,3.777219965940834534e-01,4.716366557059425424e-01,4.851458360530031544e-01,4.799163016589121367e-01,3.529736492814786741e-01,4.212810684455918775e-01,7.468116887769858936e-01,6.761982730435055489e-01,6.751807024390438228e-01,5.844243930015338151e-01,7.149243645927245705e-01,6.388202821182307201e-01,6.394070195185793670e-01,5.907163158687054327e-01,6.989608606285189207e-01,5.985968674356061392e-01,7.369210399175757376e-01,6.729393605288532809e-01,6.934134469747191831e-01,4.804572440784201093e-01,4.950902019226081641e-01,3.893329650163557809e-01,6.996434637661497202e-01,7.253592731896849610e-01,7.005321101966792696e-01,6.680010348173264223e-01,6.740408503707300270e-01,2.390685523388666467e-01,5.778431244729165250e-01,6.824837602031300632e-01,7.380603611422654753e-01,6.973742953707450232e-01,5.095577252122296397e-01,5.740810514561740519e-01,3.942124661595288737e-01,1.987261890634254846e-01,4.887149855684751465e-01,4.000803691754108993e-01,2.879525878818325890e-01,1.344511231531880235e-01,1.767366166162693542e-01,8.930052577886669896e-02,1.821802260885219960e-01,0.000000000000000000e+00,6.054653382048539312e-01,5.719031861612782208e-01,4.617702522786475972e-01,3.331134436995913939e-01,7.036574153401101706e-01,6.008964236545493165e-01,5.407360432164962649e-01,5.780786800387742730e-01,6.082468180059338314e-01,5.713250174168839068e-01
5.117426122961253876e-01,0.000000000000000000e+00,8.646541297426361128e-01,5.007760929097491154e-01,0.000000000000000000e+00,7.596148880292568073e-01,5.648373310820153925e-01,5.800001236339704658e-01,3.446974239992213751e-01,7.328789714591197324e-01,3.640216226139855182e-01,0.000000000000000000e+00,5.012087197473958922e-01,0.000000000000000000e+00,6.916561067032840349e-01,3.332986903116266775e-01,7.624414780205571729e-01,0.000000000000000000e+00,2.422266838577616377e-01,2.986793629120309546e-01,4.335778436985119888e-01,1.799933649145098458e-01,8.060460880325328592e-01,7.772445927340112526e-01,7.985544198584904052e-01,5.635096017754454012e-01,7.541508273840059617e-01,5.453015363831732465e-01,3.860155208367854751e-01,0.000000000000000000e+00,6.212140036419580014e-01,4.017374274527141798e-01,3.186540422964663777e-01,3.554746716658086503e-01,1.118026965856981775e-01,0.000000000000000000e+00,4.034264644190036497e-01,2.480273313320458528e-01,7.460324506555892077e-01,5.146278965713549924e-01,1.488371968610562590e-01,0.000000000000000000e+00,4.262495204162944917e-01,3.009414214344979244e-01,3.211931380822259929e-01,1.204777989214661227e-01,5.678550434157041416e-01,3.585140410951218048e-01,4.714634397504466334e-01,1.848623441703144132e-01,3.712044888886687488e-01,2.846892608803573976e-01,4.289854925631013671e-01,5.366409723242406837e-01,6.025961532632200246e-01,7.519672556071407277e-01,4.795645452691839061e-01,0.000000000000000000e+00,5.954622235260331742e-01,4.906746605534771377e-01,6.072250673073085192e-01,2.917500414333005776e-01,4.945949764020585171e-01,0.000000000000000000e+00,5.567152314819856507e-01,2.894286620816527988e-01,3.366493703824373074e-01,3.393945272787238787e-01,9.344699957957247616e-02,6.622419527329499733e-02,4.419634941043675824e-01,0.000000000000000000e+00,3.237044670070052810e-01,0.000000000000000000e+00,2.128662670235093868e-01,0.000000000000000000e+00,0.000000000000000000e+00,0.000000000000000000e+00,1.621475553693470240e-01,0.000000000000000000e+00,4.739735850596427658e-01,2.643959888627655519e-01,1.977960622141856362e-01,0.000000000000000000e+00,4.809113764213095998e-01,2.339960314697145383e-01,8.213372140652582809e-01,3.419065669663583495e-01,2.879949625947045289e-01,3.795713681577715382e-01
5.267092613475149454e-01,1.853095823700126599e-01,8.104046686373945763e-01,6.713047755725431998e-01,7.596148880292568073e-01,0.000000000000000000e+00,7.112908567026219320e-01,6.888194022000659889e-01,6.378809156161917571e-01,7.346758152186849689e-01,6.747230599465886547e-01,2.746330451738828171e-01,7.348039230968016478e-01,3.719556541966689833e-01,7.920097462305052405e-01,5.342456272731067601e-01,7.152318437720825983e-01,1.112663730290669589e-01,5.159808476155104406e-01,5.335960094727490999e-01,4.191512887553862088e-01,9.581410143134275192e-02,6.848522970144568234e-01,5.205082356501729013e-01,6.070128150132150235e-01,4.110028352358728876e-01,8.672821287620851027e-01,7.733421685390027278e-01,4.058327694780103356e-01,2.287704313363226050e-01,4.693851594291129636e-01,1.417558829290036793e-01,5.818287430451694053e-01,6.064845788133381710e-01,5.171299052597282397e-01,2.546899560106563598e-01,3.595276258115228107e-01,4.113552568204138504e-01,6.149837516210653332e-01,4.678435354361944465e-01,2.127750800501720385e-01,2.378729371675412929e-01,7.018691635835000442e-01,6.388458077237715305e-01,5.681979861520914943e-01,4.990400092693848544e-01,7.608168655211756670e-01,6.461170947268392029e-01,5.281462351196279936e-01,4.996201744815357282e-01,5.334869014439487245e-01,5.196645444062222285e-01,7.472175576932601482e-01,7.829492049713184798e-01,6.549321584962013443e-01,7.495854320861717879e-01,5.446985926775522735e-01,8.741447394433617124e-02,8.097214673263721796e-01,7.297697478926402637e-01,7.929516230945450328e-01,5.490481606663204506e-01,6.813082973543557186e-01,0.000000000000000000e+00,6.013963948959597516e-01,4.882952998436091985e-01,6.796547057334647590e-01,6.877263542695915000e-01,2.726430766467348166e-01,3.841145613168541750e-01,3.339027028740521597e-01,0.000000000000000000e+00,2.432796062578000129e-01,0.000000000000000000e+00,0.000000000000000000e+00,0.000000000000000000e+00,0.000000000000000000e+00,0.000000000000000000e+00,0.000000000000000000e+00,0.000000000000000000e+00,5.606381457586805395e-01,4.664795171447624345e-01,2.349294255223068895e-01,2.444297551607837737e-01,7.090064161104652207e-01,5.536794551033065170e-01,7.194833981504109577e-01,6.045598583788074354e-01,6.157928675116446371e-01,7.188813672462114335e-01
6.184263184262737134e-01,4.437910409815308266e-01,7.586853904241037672e-01,8.333923937721721131e-01,5.648373310820153925e-01,7.112908567026219320e-01,0.000000000000000000e+00,8.956930921581299776e-01,7.284069256386922486e-01,6.898747097933546346e-01,7.379939632248999626e-01,5.855260670903095210e-01,7.621498642859596551e-01,5.649342887504438249e-01,6.974703948116341978e-01,5.541391129769444035e-01,6.067627784429923121e-01,3.587766119035318280e-01,5.935842823148194114e-01,6.218649059125445078e-01,4.523702720973614144e-01,2.302317770149426290e-01,7.184430854330434713e-01,5.248719238519913288e-01,5.603880996421364280e-01,4.436349353722897071e-01,7.053188823016995901e-01,6.654497667213914447e-01,4.707046701697459312e-01,4.250672860649564178e-01,5.532847015021035153e-01,2.549319816174363540e-01,7.336075546653714197e-01,7.448133002033252570e-01,5.809581934329416386e-01,4.707745505689060472e-01,3.898743407967716346e-01,4.460952044500531843e-01,5.711339389910272679e-01,4.912838499932056235e-01,2.563082856309331636e-01,3.058196751593942331e-01,7.798654510615593560e-01,7.390141191658319286e-01,7.448738369811548354e-01,6.390165597705457223e-01,8.159970986881006638e-01,7.365762178126467052e-01,6.636171074080977617e-01,6.901558200166124646e-01,7.393789338995003790e-01,6.997485525384949945e-01,7.634178307251279216e-01,7.593617653444413307e-01,7.582789487964280983e-01,6.536471651540247674e-01,5.825144069843958272e-01,3.530604985618587266e-01,7.879334228208459967e-01,7.942731922977748216e-01,8.605440971937596828e-01,7.715496119111245887e-01,7.607143359499904944e-01,2.577982524053893387e-01,6.861818338004525009e-01,7.663832700546803212e-01,7.772446196162878795e-01,7.273642345787464381e-01,3.780621092454216625e-01,4.911202334797374336e-01,2.755353907069696962e-01,0.000000000000000000e+00,3.041339026672347234e-01,2.209612528386637742e-01,1.124091945574435536e-01,0.000000000000000000e+00,7.192318182216786426e-02,0.000000000000000000e+00,1.367577694008098033e-01,0.000000000000000000e+00,6.344872061680472131e-01,6.186950370870839544e-01,2.996090548662148079e-01,2.170583973486251705e-01,8.247819634575067616e-01,7.356743157309816317e-01,5.407497308682476245e-01,5.431338892586821121e-01,7.011571305217455530e-01,6.866594776163836844e-01
5.869134225053759257e-01,3.795604521880271975e-01,7.642202704689188275e-01,8.532573350295553638e-01,5.800001236339704658e-01,6.888194022000659889e-01,8.956930921581299776e-01,0.000000000000000000e+00,6.561270939875630814e-01,7.590056771867936813e-01,6.322347257244023133e-01,5.707950385117536163e-01,6.853708919348645567e-01,6.114292497316871078e-01,7.153426999640292161e-01,5.466252377372792237e-01,6.428641261460966705e-01,3.467899651792942795e-01,5.601281918540146343e-01,5.652301295511125145e-01,5.171303855398687865e-01,3.371816746475535531e-01,7.720616351683536882e-01,6.614409417088045195e-01,6.199261043644525015e-01,4.991286423566446140e-01,6.863166217607775677e-01,6.713110478904815714e-01,5.714829776004017869e-01,4.939007486987354034e-01,6.422623815469641340e-01,4.051140233511349997e-01,6.986879357459293560e-01,7.240140462043956893e-01,5.013944722129378695e-01,4.373119333430887656e-01,3.654479529560146212e-01,4.600368344371746354e-01,5.432874723780822812e-01,4.914984414295540116e-01,2.729811387238377240e-01,3.607911210223024856e-01,7.192729566631482774e-01,6.939690277884699166e-01,6.553389066342599767e-01,6.053043045452972670e-01,7.435553424434506731e-01,6.169664581083825761e-01,6.439630295510927471e-01,6.158522197989871882e-01,6.699646919967050529e-01,5.566481077472487105e-01,6.956738071198395046e-01,6.825525977599465888e-01,6.617474489007862948e-01,6.118855961827067702e-01,5.035875797117840280e-01,2.958219686681002880e-01,7.039036936389740928e-01,6.991526125355240762e-01,7.790368085615488880e-01,6.852113411398599307e-01,6.938968970460469565e-01,1.502383457695294633e-01,6.490630609545794405e-01,6.831645799930631258e-01,7.050981175833096470e-01,7.039646267153885084e-01,3.947806706572255520e-01,4.188588068735932257e-01,4.124051587787726514e-01,1.222173016712814336e-01,4.558669113542063722e-01,2.976650639851746716e-01,2.328603231809456831e-01,1.097547585547756499e-01,9.868298131813832419e-02,0.000000000000000000e+00,1.994529298931802808e-01,0.000000000000000000e+00,5.868174055549127965e-01,5.888208768818434802e-01,3.669598579513959069e-01,2.508957160552747756e-01,6.863927679430257278e-01,5.985820819349385591e-01,6.189207134730246862e-01,5.644069792357582216e-01,5.406667852219591008e-01,6.072903440721428847e-01
3.090464706836887898e-01,3.125664139206901226e-01,4.493685112701462647e-01,5.844732364474548580e-01,3.446974239992213751e-01,6.378809156161917571e-01,7.284069256386922486e-01,6.561270939875630814e-01,0.000000000000000000e+00,5.674299876206880811e-01,7.539192407174845068e-01,6.116519633557527813e-01,7.591409791458667566e-01,6.845014593245638546e-01,6.708809706388065841e-01,7.243773736612937331e-01,3.715708003769034318e-01,3.283710416411864674e-01,4.502384378348858185e-01,4.503485501381741529e-01,2.544498727422738749e-01,0.000000000000000000e+00,4.231404335464372668e-01,2.073870900033748799e-01,2.660966402847554368e-01,1.733908763739894221e-01,5.972182568081932930e-01,6.581747695882487204e-01,3.322358620381848926e-01,4.241045795489077341e-01,2.529086593520390447e-01,0.000000000000000000e+00,5.668604453109414854e-01,5.594010869801715469e-01,6.722166473280098975e-01,4.886521700379289346e-01,1.590330017248773320e-01,3.110516507136639741e-01,2.726712941876924257e-01,2.214656133120892489e-01,1.107433706618683317e-01,2.524797972783550670e-01,6.832514774734406160e-01,6.886898419057205789e-01,5.783505814363339992e-01,6.536529792255103555e-01,6.611504066647627686e-01,6.615772198940550464e-01,4.563387039994443728e-01,6.321894231352562787e-01,5.557351336368292483e-01,6.058614470355369042e-01,7.203347739366331437e-01,6.566706291137689444e-01,5.016447947224851323e-01,4.764153561682941684e-01,3.239941262343680184e-01,2.286576826264169748e-01,6.788546768493917138e-01,6.819835221636609823e-01,6.855529576186881746e-01,6.512162353954400462e-01,5.970631028389468131e-01,3.286399502060322608e-01,4.123835449720322788e-01,5.943306582284632045e-01,7.008651102528367094e-01,6.913866051877164409e-01,2.081838369355465401e-01,4.238409525595755456e-01,1.496918231243016539e-01,0.000000000000000000e+00,1.256372834969285701e-01,1.921198260513078682e-01,0.000000000000000000e+00,0.000000000000000000e+00,0.000000000000000000e+00,0.000000000000000000e+00,0.000000000000000000e+00,0.000000000000000000e+00,4.332321010777984149e-01,4.869728685272591284e-01,1.545785343474324058e-01,2.865994174964487384e-01,7.021162058752067336e-01,7.091479812553340700e-01,3.346649379808898650e-01,6.192365997543876066e-01,7.194521674624817509e-01,7.318218914947011156e-01
4.733859200258490607e-01,0.000000000000000000e+00,8.054546321123781105e-01,6.322492053120123412e-01,7.328789714591197324e-01,7.346758152186849689e-01,6.898747097933546346e-01,7.590056771867936813e-01,5.674299876206880811e-01,0.000000000000000000e+00,5.409074837449795448e-01,2.541237493278629689e-01,6.226465672119320116e-01,3.944408488072781993e-01,8.106531187203448452e-01,6.519246211631437582e-01,6.749034823606991917e-01,0.000000000000000000e+00,3.504438613982425177e-01,3.408367915248144420e-01,4.587644201537389166e-01,2.474445479441666762e-01,7.984348786834408740e-01,7.143551406683376070e-01,6.869838466455795434e-01,5.128781549635281767e-01,7.441985981389975802e-01,6.009930464054710209e-01,5.007810225338614751e-01,3.092222344205837747e-01,6.089012366073606186e-01,4.441539249033902848e-01,4.513632795658361618e-01,4.744837945614729380e-01,2.591190053866606613e-01,9.836720144125063459e-02,3.325079065929525957e-01,3.003232181919354704e-01,5.813372688426315937e-01,4.047738070153411583e-01,1.755997715403728732e-01,1.686028576109031563e-01,5.288229286082475333e-01,4.824828402622360901e-01,4.061199958628691209e-01,3.359740892004913770e-01,5.916519838711519208e-01,4.232077085023121521e-01,4.935395278864287416e-01,3.311092530623540031e-01,4.517614646991378047e-01,3.582116109473207355e-01,5.223459399841022810e-01,5.468397058865969163e-01,5.267040613585505238e-01,6.284457321551645270e-01,4.300815363123593471e-01,0.000000000000000000e+00,6.217867520680361304e-01,5.334873187274568052e-01,6.434956754832192871e-01,3.959793102233780671e-01,5.214887338440798992e-01,0.000000000000000000e+00,5.239419036495613913e-01,3.783499634182652671e-01,4.702680244714332880e-01,4.854250157763657092e-01,1.814350986441377322e-01,1.766305251792653908e-01,5.023796427860801606e-01,1.099618747975184413e-01,4.285220985215393852e-01,1.263212815715684390e-01,2.410108282002565994e-01,7.776936195349015701e-02,0.000000000000000000e+00,0.000000000000000000e+00,1.385445215743760505e-01,0.000000000000000000e+00,4.696553427906564604e-01,3.957703214038607031e-01,3.050103431162305423e-01,2.334996271892448017e-01,5.358371909761219243e-01,3.684203893848088107e-01,7.476799596487299082e-01,4.453532808259106357e-01,3.693732874738819838e-01,4.731251664412566837e-01
5.488297178681583732e-01,4.025355844811247530e-01,5.412246364031042534e-01,5.817394247601980206e-01,3.640216226139855182e-01,6.747230599465886547e-01,7.379939632248999626e-01,6.322347257244023133e-01,7.539192407174845068e-01,5.409074837449795448e-01,0.000000000000000000e+00,5.742449667795742618e-01,8.839583751718373961e-01,6.150313309467465572e-01,7.010303945229154898e-01,6.675711765859463354e-01,5.871439996372418424e-01,4.062960680380239831e-01,5.842449415806331148e-01,6.022518783636611195e-01,3.143846359340614072e-01,0.000000000000000000e+00,4.177760713170842743e-01,1.636845928240555637e-01,3.210553041699968913e-01,1.710875873422792182e-01,6.799974307734115708e-01,6.563494086389365378e-01,4.310255188848955421e-01,4.463440085253396750e-01,2.514065233657085119e-01,0.000000000000000000e+00,6.244272934587637991e-01,6.430784837420545630e-01,6.847120855344138723e-01,4.911237343110177456e-01,3.451379902007251088e-01,5.151658973076593817e-01,4.520607407454360627e-01,3.929173237859209245e-01,2.765327298398505551e-01,3.603946732402944497e-01,7.243058168478822001e-01,7.490405067007075424e-01,6.522616293693477285e-01,6.653607957300162745e-01,7.255246992199713141e-01,7.378705738460997754e-01,4.466009095145946906e-01,6.536049708383150358e-01,5.342374233370498215e-01,6.570698900168633338e-01,7.283407905604791788e-01,7.501108609079479850e-01,5.864078900001551409e-01,6.259117656513462080e-01,6.186758015356031981e-01,3.090158416435799249e-01,7.517858682323829145e-01,6.954244271218913420e-01,7.866811348095608114e-01,6.444194535672522761e-01,7.569966138995641858e-01,2.545973231281112303e-01,5.250445602462298078e-01,5.699570560027521493e-01,7.525420175456031258e-01,7.384424909540944215e-01,3.739357044612047765e-01,5.576881217046657513e-01,1.308174853163990570e-01,0.000000000000000000e+00,1.160387944115202769e-01,2.154564049283854144e-01,0.000000000000000000e+00,0.000000000000000000e+00,0.000000000000000000e+00,0.000000000000000000e+00,0.000000000000000000e+00,0.000000000000000000e+00,6.159128652283081262e-01,6.344875016442685922e-01,1.314195571911235261e-01,3.877884442864937831e-01,7.468483736925747296e-01,7.469354391145074379e-01,3.787542362683100627e-01,6.063898388736395084e-01,7.403437653921557393e-01,8.313705411937072354e-01
2.691561709990515361e-01,6.184353235143736915e-01,1.218461545280464797e-01,4.953827308901836424e-01,0.000000000000000000e+00,2.746330451738828171e-01,5.855260670903095210e-01,5.707950385117536163e-01,6.116519633557527813e-01,2.541237493278629689e-01,5.742449667795742618e-01,0.000000000000000000e+00,4.977915300129830412e-01,8.553363490878869158e-01,3.071205407539952525e-01,4.963242395776507054e-01,1.284289585786344834e-01,6.686409108703670334e-01,4.811902085344172408e-01,4.949878443570316366e-01,1.454319104098519555e-01,6.643353874561840067e-02,1.931906287327207483e-01,0.000000000000000000e+00,8.130756204644679075e-02,1.114384886102472716e-01,2.345142599046156351e-01,4.079493748647395890e-01,3.212055331289320748e-01,6.385385343727187912e-01,1.820207711579825693e-01,0.000000000000000000e+00,5.434324219819394175e-01,5.790808018054548478e-01,6.816802172591136522e-01,7.140419050494091202e-01,0.000000000000000000e+00,2.559812730452797336e-01,0.000000000000000000e+00,8.158089145304726897e-02,0.000000000000000000e+00,2.452958880764143923e-01,5.228069101543323383e-01,6.007999571248954229e-01,4.995137150079335120e-01,6.402198060276530489e-01,4.641777372367392185e-01,5.516837092666201370e-01,2.861373102016216419e-01,6.056809970900678408e-01,4.660727544458873051e-01,4.572624866919586806e-01,5.685317862107533982e-01,4.475444627138286391e-01,3.190304878975018799e-01,1.733665353310601676e-01,2.224849631297721730e-01,5.227438832644916156e-01,3.875214939954664817e-01,4.821360183637989349e-01,4.740979829165096748e-01,6.391892442503214200e-01,4.751301343240008079e-01,6.991284253667572335e-01,2.844256818814158705e-01,6.483344032335055518e-01,6.202822086154603509e-01,6.142530038934909120e-01,3.672033909512146255e-01,5.047469358293563690e-01,0.000000000000000000e+00,0.000000000000000000e+00,1.007799231583070276e-01,3.994978048340414589e-01,0.000000000000000000e+00,1.185046836186286895e-01,0.000000000000000000e+00,0.000000000000000000e+00,0.000000000000000000e+00,0.000000000000000000e+00,3.707986764676748925e-01,5.772488776533843957e-01,1.634864701860452851e-01,2.673014225911300445e-01,5.443986117692867222e-01,6.627385534934259192e-01,0.000000000000000000e+00,5.101325875045727987e-01,5.942856508790684833e-01,5.383740597830257713e-01
5.427286684624119673e-01,2.599280679188707976e-01,6.281958754477294793e-01,5.381360120070501907e-01,5.012087197473958922e-01,7.348039230968016478e-01,7.621498642859596551e-01,6.853708919348645567e-01,7.591409791458667566e-01,6.226465672119320116e-01,8.839583751718373961e-01,4.977915300129830412e-01,0.000000000000000000e+00,5.819541643176437962e-01,8.152806747485576988e-01,7.175779903303181051e-01,6.618866383105358464e-01,2.695799650003046777e-01,4.460200192574726441e-01,5.079814357818986936e-01,2.977349255151948149e-01,0.000000000000000000e+00,4.923219939458736150e-01,2.770090935372246377e-01,3.991111099988108313e-01,2.161824191166307474e-01,7.609845706072072558e-01,6.960062682833946246e-01,4.216339838494059244e-01,3.552935476981088359e-01,2.280580841019475280e-01,0.000000000000000000e+00,5.504629252605282019e-01,5.837418659207882499e-01,6.430215320435753723e-01,4.112896199206335646e-01,3.643651484294880283e-01,5.139749823030743681e-01,5.566692495187859357e-01,4.540015841820810860e-01,2.213413212977432820e-01,3.095775323393372691e-01,7.275253475422350791e-01,7.408846300960038045e-01,6.504057267922056518e-01,6.517213878753139733e-01,7.672751000579718372e-01,7.063763125300794865e-01,4.780421129257260704e-01,6.267694185433573262e-01,5.259026248051745789e-01,6.251342941340591874e-01,7.077811576563637352e-01,7.683353560967383089e-01,5.937083529734201726e-01,7.448926330624213721e-01,6.258272924288903472e-01,2.150374076438843762e-01,7.507871351898796064e-01,6.780302473409957065e-01,8.354726019153314587e-01,6.249883350171531182e-01,7.506323665031053860e-01,7.112359425801469126e-02,6.019983693568914385e-01,5.372924226905129164e-01,7.233690404632384663e-01,7.392068283494892533e-01,3.059567527887908089e-01,4.523361685921551412e-01,1.355715386842424597e-01,0.000000000000000000e+00,8.497008649967942306e-02,8.483266343826935396e-02,0.000000000000000000e+00,0.000000000000000000e+00,0.000000000000000000e+00,0.000000000000000000e+00,0.000000000000000000e+00,0.000000000000000000e+00,5.955853841794226389e-01,5.987767217178412427e-01,1.588914163336426766e-01,3.184490727726962955e-01,7.504946027757410931e-01,7.098854562406494706e-01,5.236642329549227037e-01,6.273106903588852035e-01,6.815463571225472972e-01,8.307966478513146846e-01
1.926614536965497726e-01,4.540629165631147601e-01,1.826905220345528824e-01,5.005243652732991322e-01,0.000000000000000000e+00,3.719556541966689833e-01,5.649342887504438249e-01,6.114292497316871078e-01,6.845014593245638546e-01,3.944408488072781993e-01,6.150313309467465572e-01,8.553363490878869158e-01,5.819541643176437962e-01,0.000000000000000000e+00,4.652140085875874909e-01,6.845082953968097961e-01,1.870367493648083246e-01,5.496674562680030629e-01,4.279419971297064307e-01,4.431141448948892614e-01,1.976703645160255707e-01,6.827136563533975355e-02,2.628766238435336633e-01,1.123666752454964834e-01,8.783979088120345835e-02,0.000000000000000000e+00,3.177883013126310274e-01,5.019159192795926705e-01,3.531621662617152602e-01,6.631222388031305925e-01,1.756996398185148300e-01,0.000000000000000000e+00,4.901770088661926428e-01,5.306620100174608279e-01,6.868168351180067299e-01,6.336114105286204667e-01,0.000000000000000000e+00,2.393161524840443366e-01,0.000000000000000000e+00,0.000000000000000000e+00,0.000000000000000000e+00,2.688579304392280656e-01,5.016334777305280213e-01,6.211138643003355497e-01,4.177139738788109291e-01,6.503381372643578517e-01,4.497472991886053428e-01,5.025697535560312845e-01,2.468362269835535916e-01,5.721153508363705509e-01,3.862927013882071492e-01,3.923767110590076768e-01,5.699004418967589247e-01,4.540954909742858647e-01,2.314114872366705156e-01,2.314377485604930396e-01,1.699035009471438762e-01,3.766258272090708958e-01,4.277842472095950144e-01,4.768441474890007803e-01,4.785752013347948641e-01,5.808815761426969759e-01,4.363251344597872117e-01,5.118761584739004444e-01,2.684175132506082528e-01,5.628388805182420462e-01,6.062238799867843975e-01,6.534274943745228548e-01,2.944142165700769365e-01,4.479630482912941858e-01,0.000000000000000000e+00,8.813589578240213496e-02,1.616468161134184678e-01,3.970247546066029143e-01,0.000000000000000000e+00,1.642939186274781083e-01,0.000000000000000000e+00,0.000000000000000000e+00,0.000000000000000000e+00,0.000000000000000000e+00,3.212259400769260642e-01,5.241281732493815460e-01,1.603658368356864483e-01,3.513177785364373085e-01,5.072264848281929916e-01,6.066056292206134515e-01,1.411569284379921019e-01,5.986684716850593224e-01,5.386523389195219114e-01,5.925579044585854716e-01
5.660096435743352528e-01,1.236241630500711369e-01,7.896524859857467771e-01,5.947397163640741891e-01,6.916561067032840349e-01,7.920097462305052405e-01,6.974703948116341978e-01,7.153426999640292161e-01,6.708809706388065841e-01,8.106531187203448452e-01,7.010303945229154898e-01,3.071205407539952525e-01,8.152806747485576988e-01,4.652140085875874909e-01,0.000000000000000000e+00,7.523883947134968331e-01,7.475862188323227908e-01,1.114159190256618359e-01,4.414214976189724804e-01,4.567010117172342065e-01,5.221433855608849095e-01,2.807031603663573960e-01,7.136191091032111355e-01,5.663645759356923381e-01,6.080437115929533398e-01,4.197145239915199277e-01,8.354694764213521641e-01,7.147454779893257504e-01,5.901471561391528065e-01,4.058533848823831502e-01,5.082761312310335455e-01,2.740894937693201805e-01,5.216937370422192188e-01,5.495604064725223559e-01,4.316194351581760236e-01,2.047366955842100933e-01,4.168687452993209419e-01,4.704225084526338363e-01,6.325437820126930122e-01,5.023881193640816756e-01,3.060637817492930512e-01,3.378218652555167734e-01,6.122629062280608991e-01,5.763981879856613366e-01,5.207900964408975764e-01,4.459274605763621224e-01,6.702632173447451436e-01,4.931970220950075978e-01,5.144026684279180417e-01,4.339315453780909770e-01,4.744370199135384825e-01,4.914482574714989505e-01,5.869965940428278905e-01,6.725514267641684585e-01,5.536294626520933404e-01,7.062250841142216906e-01,5.634720843634841714e-01,7.471557009503351776e-02,6.796801020144151995e-01,5.746726799706133315e-01,7.248915623848773970e-01,4.572766973822514069e-01,6.253532545397014752e-01,0.000000000000000000e+00,5.738522972881718864e-01,3.935368550641667462e-01,5.619105822994908683e-01,5.890016338392897177e-01,2.566872126268595622e-01,3.053209742692845063e-01,4.799766507756945688e-01,9.562914504598242493e-02,3.936403418658837583e-01,1.825527471350385789e-01,2.229342208930837621e-01,0.000000000000000000e+00,0.000000000000000000e+00,0.000000000000000000e+00,1.291284206444560101e-01,0.000000000000000000e+00,5.743602613333593787e-01,4.875158207043958081e-01,3.272780233370596870e-01,3.705485099260350523e-01,6.126865856620191675e-01,5.004912380699664265e-01,7.435886449654668384e-01,6.096902605560698962e-01,4.752139174494562357e-01,6.567876194870440054e-01
2.162497456286712472e-01,9.337325848904733105e-02,4.078757055021356437e-01,3.915916416276438716e-01,3.332986903116266775e-01,5.342456272731067601e-01,5.541391129769444035e-01,5.466252377372792237e-01,7.243773736612937331e-01,6.519246211631437582e-01,6.675711765859463354e-01,4.963242395776507054e-01,7.175779903303181051e-01,6.845082953968097961e-01,7.523883947134968331e-01,0.000000000000000000e+00,3.606794839774075667e-01,1.386103976553563488e-01,2.535981145608707243e-01,2.677063633608874893e-01,2.062316633051012038e-01,0.000000000000000000e+00,4.259039669436393560e-01,2.588948517531926563e-01,2.927342498357581313e-01,1.559166242059839835e-01,5.187766765186802020e-01,5.246977588511220203e-01,3.307100292498865723e-01,4.484560294337536224e-01,2.030887355497277558e-01,8.944415377701868397e-02,2.996163288088959931e-01,3.505732170111346968e-01,4.474194776912173710e-01,2.702377885508631672e-01,0.000000000000000000e+00,1.725679845985147454e-01,2.076896243703175438e-01,7.931913973698813403e-02,0.000000000000000000e+00,1.382026077841851108e-01,4.136220401550757542e-01,5.001107311683191670e-01,2.922590211864276588e-01,4.578896053639905372e-01,4.324224001009076002e-01,4.099999752848175749e-01,2.055158244461283423e-01,3.790370472292861614e-01,2.541411302933259120e-01,3.361606808996033813e-01,4.553329692687956287e-01,4.345164270454126010e-01,2.223176748274333092e-01,4.459111718240880151e-01,2.350635400053596447e-01,0.000000000000000000e+00,4.789123598554845262e-01,4.242469540226168623e-01,5.047977941933584622e-01,3.950544329528051235e-01,3.565561721163989506e-01,0.000000000000000000e+00,2.754939220342724759e-01,3.190295054353493587e-01,4.439205376118036117e-01,5.035063732235515177e-01,1.013895334966408435e-01,2.226824039965107083e-01,2.276724728884481352e-01,8.470185831140172872e-02,1.317311996862746692e-01,1.688546048938165123e-01,0.000000000000000000e+00,8.312825768640771940e-02,0.000000000000000000e+00,0.000000000000000000e+00,0.000000000000000000e+00,0.000000000000000000e+00,2.942064233856692135e-01,3.796179250104516067e-01,8.617121616861581068e-02,3.347260945594855430e-01,4.740799372372492826e-01,4.798778914770425730e-01,3.842273268841825962e-01,5.643039817954936810e-01,4.548856431489985419e-01,5.966823679880668418e-01
8.288085386417642919e-01,2.745295825103910015e-01,8.395083500276754318e-01,5.592317840159679587e-01,7.624414780205571729e-01,7.152318437720825983e-01,6.067627784429923121e-01,6.428641261460966705e-01,3.715708003769034318e-01,6.749034823606991917e-01,5.871439996372418424e-01,1.284289585786344834e-01,6.618866383105358464e-01,1.870367493648083246e-01,7.475862188323227908e-01,3.606794839774075667e-01,0.000000000000000000e+00,2.538765909483405303e-01,5.227562802069579684e-01,6.041725484147922876e-01,5.832339574500656765e-01,3.349108183005617412e-01,6.924358015604140659e-01,6.382335602202193758e-01,7.404027605877330220e-01,5.818639493396511320e-01,7.999477442122968629e-01,6.402389547419543581e-01,7.292022430143491052e-01,3.489956327593853325e-01,5.967567119841151735e-01,3.116996983234681662e-01,5.496184097216563202e-01,6.205418317415467566e-01,3.163626052715086123e-01,1.707918399653277630e-01,6.473415000159551402e-01,6.297459532726524811e-01,8.441407384124578472e-01,7.409256767200462779e-01,3.945446408957860029e-01,3.802106535675158216e-01,6.247361081033200314e-01,5.409787154841517731e-01,5.760119396317263663e-01,3.876752612782201624e-01,7.192562062709321191e-01,5.082264441296679980e-01,5.712045388991996431e-01,4.187265405994332612e-01,4.828090985440036675e-01,4.624972679946405818e-01,5.416962862784258093e-01,6.838289601066807055e-01,7.077833086673924745e-01,8.087952443022494720e-01,8.223667654761949164e-01,2.700208199189695901e-01,6.431785667792898620e-01,5.512853341017710518e-01,7.203892381275529555e-01,4.313020707406537424e-01,7.596711704210195037e-01,0.000000000000000000e+00,7.390213464211240479e-01,4.547370552658055454e-01,5.482316116031072939e-01,5.563141155579153230e-01,5.040367998005316208e-01,4.322296342076076270e-01,4.084393582377782717e-01,0.000000000000000000e+00,4.292229245468391907e-01,1.390150100858060234e-01,3.006322978502488641e-01,0.000000000000000000e+00,2.451931286247543973e-01,1.069972420981332578e-01,4.471880704072924706e-01,7.424402651242892337e-02,7.984957914739957419e-01,6.497776523879011945e-01,3.695029363197150363e-01,3.444574068617612395e-01,5.946621296303531423e-01,4.439544497151445279e-01,7.876304696775838776e-01,4.947877997917105031e-01,4.080694446280043741e-01,5.651478659649820102e-01
