0.000000000000000000e+00,8.067656565543198655e-01,4.868639343437804468e-01,5.660051116944821992e-01,4.197890734408871172e-01,4.107039836317676884e-01,4.668484640021957621e-01,4.680711160263168469e-01,3.232143112000803731e-01,3.296897208232236753e-01,5.877734454912273421e-01,5.160404428596460091e-01,5.330773748563162329e-01,5.056810705440106801e-01,5.647451211689190620e-01,4.867956076983711577e-01,7.545425124929293625e-01,5.839717843193192870e-01,8.260993848328119782e-01,7.964383092490409100e-01,4.583682097373418807e-01,2.306408298744199448e-01,4.604342134692444577e-01,4.817897120279452938e-01,3.194108543829941027e-01,3.575307248837102936e-01,3.595782979995469919e-01,3.195773740410570718e-01,7.225390174596646453e-01,6.085897497591545857e-01,5.418102521802152793e-01,4.184741228524969658e-01,7.907720360103448476e-01,6.977929586436373288e-01,2.233067526197640706e-01,3.633972751665304202e-01,5.915641344598654428e-01,5.799480331643710462e-01,4.860086119103560476e-01,4.775018840708261103e-01,4.120217946658255581e-01,4.517225104354773424e-01,4.841655096006893810e-01,2.992912049815121822e-01,3.695955363509919045e-01,2.294180249162458274e-01,5.144617683875389869e-01,4.943822352792836550e-01,3.403391835286017075e-01,0.000000000000000000e+00,3.913458164769382241e-01,0.000000000000000000e+00,2.046523139509860978e-01,4.627847427823635340e-01,4.594845485503407101e-01,4.897248612030244419e-01,8.805673657472575799e-01,8.206531461892998536e-01,5.819550690853376729e-01,2.656047090464190297e-01,5.307969870504859466e-01,1.843548952845741606e-01,5.949228651301043946e-01,5.208307194667426421e-01,2.267114658767317159e-01,2.163598460220956254e-01,5.682921602786460413e-01,4.657406653235773297e-01,7.889105854351309288e-01,7.039130671426808705e-01,3.681982114967278230e-01,3.791655619431946178e-01,4.649940547879607422e-01,4.393627534298185089e-01,3.565703586946523118e-01,3.884852380519883686e-01,5.173563877519373744e-01,4.636781517562854060e-01,5.588807173960881336e-01,4.561113216546864857e-01,7.162155614609482246e-01,6.517030842066890983e-01,4.322135290850134814e-01,5.185330793237491465e-01,4.626149495345299179e-01,5.222416721265494832e-01,7.160364248271060272e-02,3.852250222414307368e-01,5.543974839553986733e-01,5.482981861029310178e-01
8.067656565543198655e-01,0.000000000000000000e+00,7.000990720228946751e-01,7.404471470478988238e-01,5.384167037117219001e-01,6.512846648160262042e-01,7.138552362695249620e-01,6.980919278499631009e-01,6.075093312100602327e-01,6.244218149620691660e-01,5.519757724327457593e-01,6.876432222491106749e-01,7.239691734698866510e-01,7.081246235889261387e-01,7.342356391627957724e-01,6.844743187583121058e-01,8.134847665226270230e-01,4.820762908908004518e-01,6.701154931810375803e-01,7.620305903402174730e-01,6.418836946494327345e-01,1.937431813907319056e-01,5.994560133191279006e-01,5.703312315210907757e-01,3.400697879327309048e-01,3.725581721764797960e-01,4.316484959136207555e-01,3.037673539975528914e-01,7.080992699072239382e-01,5.939146697143877773e-01,5.495447189019806444e-01,5.650859008513833270e-01,7.665359524058723562e-01,7.727083952561079050e-01,0.000000000000000000e+00,2.673280562016815964e-01,5.131136633689948878e-01,5.666436019468339413e-01,4.979121351800623319e-01,3.755773886471832079e-01,5.957828295455659395e-01,5.565608356736445606e-01,6.501906177420316846e-01,3.944268119639527392e-01,4.548002160896546520e-01,2.809135911736813096e-01,6.659566833793295615e-01,6.551770071736584544e-01,4.843014108493145509e-01,1.733185050182289855e-01,5.145458760432878309e-01,0.000000000000000000e+00,0.000000000000000000e+00,6.416556404221888110e-01,5.463814910435877970e-01,6.554351881159252713e-01,7.058664271145483893e-01,8.760459411517553807e-01,6.662373427621882671e-01,0.000000000000000000e+00,6.669348581915743868e-01,0.000000000000000000e+00,5.520132224941164401e-01,5.286980711919558873e-01,2.990179497059226588e-01,2.947699042574427053e-01,5.853582280224987056e-01,5.522192653931906614e-01,6.968755724521161765e-01,7.336645583508604185e-01,4.395503512000163426e-01,5.567330783389677906e-01,5.821577438702488783e-01,4.680705387926188954e-01,2.251667621331250591e-01,3.970806327846247430e-01,4.477811643526519725e-01,5.679497941868132393e-01,6.086189814958331556e-01,4.201778395389269005e-01,7.003436761779410213e-01,6.736988261416730905e-01,4.178867152529767703e-01,5.396593533515051666e-01,4.094473302546342008e-01,6.438839351849432457e-01,0.000000000000000000e+00,4.389290542607871548e-01,5.427525879969171685e-01,6.504534557382469773e-01
4.868639343437804468e-01,7.000990720228946751e-01,0.000000000000000000e+00,8.323169264538301526e-01,5.506228758549669422e-01,7.607455762039495584e-01,9.336495139829427137e-01,8.568433787670879376e-01,8.293234801359075092e-01,8.209548468848653080e-01,4.991333821226507372e-01,7.491004019545963732e-01,8.681995907170333426e-01,8.191971457657762912e-01,7.890204743132130938e-01,8.188335709810655727e-01,6.571257235352842008e-01,1.449388176091412905e-01,4.463634229217080529e-01,4.401142382597061919e-01,6.372343713395701714e-01,1.916986890314035241e-01,8.365314557658960481e-01,7.194470964575948591e-01,4.580418344447957368e-01,5.176021915597446288e-01,4.376593413897243434e-01,2.467197090371170409e-01,5.736192507485795566e-01,4.713137436789627266e-01,6.825157489979198910e-01,7.728894809150378409e-01,6.855400911090754335e-01,7.333680786358187653e-01,0.000000000000000000e+00,2.588435209889762278e-01,4.259557900909367589e-01,4.603569388672202334e-01,5.375071968619543616e-01,1.967227128043175233e-01,5.636235861898645227e-01,4.936175685687261283e-01,7.159833758595819386e-01,4.253585228762483128e-01,5.050042774464654771e-01,2.783603254386640691e-01,7.304211376734210948e-01,7.385432607924600212e-01,5.759967836690645937e-01,1.977363036652493855e-01,6.024534722153694899e-01,0.000000000000000000e+00,0.000000000000000000e+00,6.880201102658802803e-01,5.875249405679889847e-01,7.097672597956404816e-01,3.336201260539594093e-01,5.122238290009756279e-01,7.014095573246102999e-01,0.000000000000000000e+00,7.958950871428566165e-01,0.000000000000000000e+00,4.994931205492531001e-01,4.290313799211512014e-01,5.246889595391597272e-01,4.428220314812284508e-01,6.618388866339403043e-01,5.878395343390938610e-01,3.485330401969092273e-01,3.838850927824896675e-01,4.605100963564965899e-01,6.530881725153444561e-01,6.267204387819690359e-01,4.551201095755910697e-01,1.758333234472625739e-01,3.957797954548741282e-01,3.909936793440870750e-01,5.817989480642878908e-01,5.159575249920851370e-01,2.510331878115903415e-01,6.550638168839860720e-01,5.384561013786122174e-01,4.202366798248589053e-01,4.855951173238413632e-01,5.263224309520755373e-01,7.328026533380986862e-01,0.000000000000000000e+00,4.595489157658051993e-01,5.586899511657370532e-01,6.634425902319258661e-01
5.660051116944821992e-01,7.404471470478988238e-01,8.323169264538301526e-01,0.000000000000000000e+00,5.749727723482936925e-01,7.036987000507717305e-01,8.250677067434035727e-01,8.572815124681517629e-01,6.986527962467764530e-01,6.954577636171450639e-01,5.702466960538455920e-01,7.791959179630628674e-01,8.091025975156667105e-01,8.214651662134928589e-01,7.683636713892016967e-01,7.593543338085274597e-01,6.628281694948887637e-01,2.430471322564895231e-01,5.070778431617157800e-01,5.518204475779980855e-01,6.237097293262667819e-01,2.767559412436546573e-01,7.778966074845019563e-01,7.857242508738025988e-01,4.423151534335505453e-01,5.446915682198928410e-01,5.167801457257913400e-01,4.097713122723343204e-01,6.062299306724456827e-01,5.286616014267552233e-01,6.966329052719061332e-01,7.798318658766766331e-01,7.127568090866451822e-01,7.981435427047984810e-01,1.072685788502572846e-01,3.335881841295831318e-01,5.030824301741416704e-01,5.512255975836154454e-01,5.468977842821759472e-01,3.510151371584919189e-01,6.077009031351503499e-01,5.613591768291111839e-01,7.296814595569874884e-01,4.709164454663024579e-01,5.562416986639278083e-01,3.525106641990142231e-01,7.353221242193503926e-01,7.169466723860625779e-01,6.501102994454475148e-01,2.549061700033670719e-01,6.758837108493134238e-01,0.000000000000000000e+00,0.000000000000000000e+00,6.564614829022050735e-01,5.789970402208851619e-01,6.943577046473908831e-01,4.447121677784330318e-01,5.820840013937602642e-01,7.387563953541063100e-01,1.077943564017170147e-01,8.022563414653408609e-01,0.000000000000000000e+00,6.055271429579641707e-01,5.167553462629037586e-01,5.067153347904422844e-01,4.594994444534858391e-01,7.167589396972293692e-01,6.573579995197614823e-01,4.202267807495337903e-01,4.374343144646240522e-01,5.319978350952578872e-01,6.496550637753828461e-01,6.089356994553141167e-01,4.768623881949372034e-01,2.525279217853361180e-01,4.362712581905116016e-01,4.468884357421766262e-01,6.038490471985409336e-01,4.866391411783594911e-01,2.343720298991681661e-01,6.640701632007008914e-01,5.845106924511790369e-01,4.640700016737838163e-01,6.026915350549127970e-01,5.467689807120993395e-01,7.510520061603150888e-01,0.000000000000000000e+00,5.686956290649280987e-01,6.416018536676025841e-01,6.734715400452833123e-01
4.197890734408871172e-01,5.384167037117219001e-01,5.506228758549669422e-01,5.749727723482936925e-01,0.000000000000000000e+00,5.656605507729330906e-01,5.631390779235275756e-01,5.779538631966714135e-01,4.650878097966744118e-01,4.899777314767020386e-01,3.050702967990792103e-01,4.884529308110950319e-01,5.190273314719897613e-01,5.239654207347239634e-01,5.797244745050380565e-01,5.331802920612490615e-01,3.843310660927504174e-01,9.880501118613463363e-02,3.426401200871743713e-01,3.154834007054724276e-01,5.212370490166978731e-01,2.708254700786535962e-01,5.376777156657992496e-01,4.954204181691248543e-01,3.246709824791735866e-01,2.745954353300248951e-01,6.072872160680845566e-01,4.945973000893746918e-01,3.198051883726771294e-01,3.068091157331677699e-01,4.386502279794827208e-01,4.433969935497300008e-01,5.455434546070678792e-01,5.945468064722422286e-01,0.000000000000000000e+00,2.092889331921720386e-01,2.756823319057457589e-01,2.763887720752631338e-01,3.736152305869124279e-01,2.388493140575201623e-01,4.882614843138597949e-01,3.483310016782734109e-01,4.588908973524355450e-01,3.587179883420922866e-01,4.125718549121762391e-01,2.968652696130211766e-01,4.370787528916518228e-01,4.384413659264458363e-01,4.979915096101621974e-01,2.228550572942592234e-01,5.547275748090265690e-01,0.000000000000000000e+00,0.000000000000000000e+00,4.869614116636825640e-01,3.561405343239039678e-01,3.962459440601806548e-01,2.452445820024502510e-01,4.076823562937260670e-01,5.737892650766093228e-01,1.054849702358950508e-01,5.750975114457380633e-01,0.000000000000000000e+00,3.598069519124553195e-01,3.138394360443689246e-01,4.472922860371389975e-01,3.889311264828722581e-01,5.320731723072513741e-01,4.949397575910963742e-01,3.082796336274785665e-01,3.564415839485783333e-01,3.855428131122098367e-01,4.053861380617239663e-01,3.313914290073828317e-01,1.902314698183044384e-01,1.149649813262067916e-01,1.876787898105583829e-01,2.160353554965027123e-01,3.277839475202201647e-01,3.109548422622165353e-01,1.075461714813530922e-01,4.138615541294168865e-01,3.809171837181068998e-01,3.787579502547173127e-01,3.956869535164373453e-01,3.237686920468158536e-01,5.390873225777061961e-01,0.000000000000000000e+00,4.505892123961091622e-01,5.585270554890305883e-01,4.770418245782893640e-01
4.107039836317676884e-01,6.512846648160262042e-01,7.607455762039495584e-01,7.036987000507717305e-01,5.656605507729330906e-01,0.000000000000000000e+00,8.049572065532832887e-01,7.395412789990257751e-01,7.768781698187556817e-01,8.280012034759376416e-01,2.757553237324477657e-01,6.164810876802165884e-01,7.199487333502906372e-01,7.545826909167022700e-01,7.123701949689013047e-01,7.911788818117871935e-01,5.723575166734866659e-01,0.000000000000000000e+00,3.579691329809945310e-01,3.627767430154747452e-01,7.199989250006126884e-01,2.113349552251606589e-01,6.691264618033694322e-01,6.534560936815264620e-01,3.784204852041823108e-01,3.776790991747243642e-01,5.530891698859765615e-01,3.102621244120715160e-01,4.177920642617489189e-01,3.116437879975564873e-01,5.076948891734029967e-01,6.204995958009087431e-01,6.181665777843299292e-01,6.222311917161982286e-01,0.000000000000000000e+00,0.000000000000000000e+00,2.944966281906282179e-01,2.952972978806159277e-01,4.439405394248744918e-01,1.140265274220599312e-01,6.573541806763456563e-01,4.583217931497016173e-01,6.818285882804526743e-01,2.516604954878231548e-01,4.474194650629029213e-01,1.119743909809419874e-01,6.193450741326724795e-01,6.255193773155975911e-01,5.697095862934637989e-01,0.000000000000000000e+00,6.047714131234335211e-01,0.000000000000000000e+00,0.000000000000000000e+00,6.814757980937060644e-01,4.213311047025549150e-01,5.543552792664608875e-01,2.324624288848134990e-01,4.288747926360871876e-01,6.865728114648333991e-01,0.000000000000000000e+00,7.172155117925310686e-01,0.000000000000000000e+00,3.372772037869542494e-01,1.776401995968432679e-01,3.855160281055463600e-01,1.593882076929520886e-01,6.130118558494468406e-01,4.384411768633331152e-01,3.500869873557492795e-01,3.381084635678734407e-01,2.951090600476301562e-01,4.713061202774931902e-01,4.008336160367770851e-01,1.869484414890543733e-01,0.000000000000000000e+00,1.041567291543382401e-01,1.323451117902204321e-01,3.419714576097504510e-01,4.882534692699678214e-01,1.206727559694207724e-01,6.015372864102672690e-01,4.076289836430080360e-01,3.983158661748454898e-01,4.636383340024834432e-01,3.341281335361612759e-01,5.825648983926475788e-01,0.000000000000000000e+00,4.834084132529073430e-01,4.998129166709818216e-01,5.340134377765322071e-01
4.668484640021957621e-01,7.138552362695249620e-01,9.336495139829427137e-01,8.250677067434035727e-01,5.631390779235275756e-01,8.049572065532832887e-01,0.000000000000000000e+00,8.750239360592541038e-01,8.947458024053220882e-01,8.934072625194783290e-01,4.781745247075303573e-01,7.762294703720901135e-01,8.989806124181543012e-01,8.691218658283154097e-01,7.976161388983800116e-01,8.509387362299886126e-01,6.837686346139866256e-01,1.016013689307649903e-01,4.056273158714751581e-01,4.095162412907535354e-01,6.961850904444114585e-01,2.095799457402668098e-01,8.232009306753135247e-01,7.034432844291013120e-01,4.282581447459729573e-01,4.866478441104543640e-01,4.511447953068703498e-01,2.328722452162152456e-01,5.516477934379738768e-01,4.325098344148499696e-01,6.456229183035155916e-01,7.478200476980105815e-01,6.782497502749388341e-01,7.226668566014540218e-01,0.000000000000000000e+00,1.629117212375312818e-01,3.844524454688644788e-01,4.160355976425815783e-01,5.130890008637984945e-01,1.274325918510325339e-01,6.018944693142519453e-01,5.038785434087591497e-01,7.171042138773874308e-01,3.583667724477140326e-01,4.796851752861951423e-01,2.007175024649192618e-01,7.151861698991256455e-01,7.478436518916857789e-01,5.686937714811055589e-01,1.623635990457685530e-01,5.983724157637753116e-01,0.000000000000000000e+00,0.000000000000000000e+00,7.586430086096196401e-01,5.439784293135681015e-01,7.079949423186217006e-01,3.047771284956451998e-01,5.097488341103496579e-01,6.920371810459613471e-01,0.000000000000000000e+00,8.179351630269735551e-01,0.000000000000000000e+00,4.930394081101237558e-01,3.718688345646626869e-01,4.913909730259072850e-01,3.520155138992502875e-01,6.319733577244422973e-01,5.370903285460930654e-01,3.359376051609588854e-01,3.700833997067167203e-01,4.333707494012148942e-01,6.368880169959836302e-01,6.048948768740393112e-01,4.083814379853074050e-01,1.289790708466010682e-01,3.445278253126523582e-01,3.374395804013595179e-01,5.524914515885456234e-01,5.761761294819051082e-01,2.326034376603649534e-01,6.832502504044313252e-01,5.292414203798641026e-01,4.237960546419924368e-01,5.110745390955403478e-01,4.831550393300566015e-01,7.363748713671460777e-01,0.000000000000000000e+00,4.899959590398074716e-01,5.300334820702058414e-01,6.820017945563989770e-01
4.680711160263168469e-01,6.980919278499631009e-01,8.568433787670879376e-01,8.572815124681517629e-01,5.779538631966714135e-01,7.395412789990257751e-01,8.750239360592541038e-01,0.000000000000000000e+00,7.661494609553570756e-01,7.825947342125195716e-01,5.327685819085596908e-01,8.567179944165399519e-01,8.448501700161796801e-01,8.964977949279940850e-01,7.669852484330367259e-01,7.925833571753211348e-01,6.713836566666325778e-01,2.039035968682467448e-01,4.164310162218001765e-01,4.647937887222235442e-01,6.390279183395808360e-01,1.972341524504667154e-01,7.738374719175311611e-01,8.096355373622737828e-01,4.367287307448131650e-01,5.303276321203976851e-01,5.093633861344262215e-01,3.787529028220597560e-01,5.783206894532753051e-01,5.325920182409052961e-01,6.862973886713448213e-01,7.744712709925554162e-01,7.012102421178731948e-01,7.795539632105242811e-01,0.000000000000000000e+00,2.071982838646786451e-01,3.905841768736699748e-01,4.475532018206911933e-01,5.025071771298885714e-01,2.330216478744357167e-01,5.725431976714639992e-01,4.925662984441109282e-01,7.275968633103396810e-01,4.435962011565419139e-01,5.835182087806322082e-01,3.869253891466459261e-01,7.319352666615066560e-01,7.404422357489415241e-01,7.068995595645495289e-01,2.824965953373552718e-01,7.099543841401719790e-01,0.000000000000000000e+00,0.000000000000000000e+00,7.185515143961168638e-01,5.593294594620830118e-01,6.690710818535544613e-01,3.447519460495808152e-01,4.815190834281970478e-01,7.595563682005084249e-01,8.948494066191492458e-02,8.415935127626447132e-01,0.000000000000000000e+00,5.582908431570789975e-01,4.841808966988850882e-01,5.096372576328016546e-01,4.651052560873402686e-01,7.263462721250802945e-01,6.509266510152256213e-01,3.449856533632257860e-01,3.745609209597952627e-01,5.006170778831734447e-01,6.516399343604937222e-01,6.256358340605527868e-01,4.659367794145463093e-01,2.463011344457759488e-01,4.069734855491941028e-01,3.734833371223942877e-01,5.528365106505426230e-01,5.151304883107082899e-01,2.670249422711489240e-01,7.114343009275377883e-01,5.789865574608860088e-01,4.224567410898579234e-01,5.637988731708395429e-01,5.467577547347677314e-01,7.779397106747694135e-01,0.000000000000000000e+00,5.885955956155830560e-01,6.548212020617378837e-01,7.182532481454573237e-01
3.232143112000803731e-01,6.075093312100602327e-01,8.293234801359075092e-01,6.986527962467764530e-01,4.650878097966744118e-01,7.768781698187556817e-01,8.947458024053220882e-01,7.661494609553570756e-01,0.000000000000000000e+00,9.275984922047245673e-01,2.770471421701908299e-01,6.678230860470949493e-01,7.738498286676214200e-01,7.658651478675928548e-01,7.136758100297918572e-01,8.116916060632511920e-01,5.748675950659730693e-01,0.000000000000000000e+00,2.547704201896914267e-01,2.298664088130223659e-01,6.869137148443922314e-01,1.817359379481348625e-01,7.024602075100629950e-01,5.491494380933490405e-01,3.134993244095617415e-01,3.781928332984676455e-01,3.701647549117403346e-01,6.651106121794064796e-02,3.962426474367709561e-01,3.169082983696041578e-01,4.555294676549488941e-01,6.256837445926282104e-01,5.381194597090142029e-01,5.385390852642402137e-01,0.000000000000000000e+00,0.000000000000000000e+00,2.502674152180009437e-01,3.063309471964290598e-01,4.562194347958797858e-01,0.000000000000000000e+00,6.010238681076541800e-01,4.315978637196362655e-01,6.298665452277248944e-01,2.189381927704640574e-01,3.394862468970289981e-01,0.000000000000000000e+00,6.575093077021547661e-01,6.589957530786991757e-01,4.531265992022088240e-01,0.000000000000000000e+00,4.686283865728790854e-01,0.000000000000000000e+00,0.000000000000000000e+00,6.814317556128149933e-01,5.136226078583706611e-01,6.170738973295057939e-01,1.532930282479652018e-01,3.897783855275812614e-01,5.825723170260894701e-01,0.000000000000000000e+00,7.113474586147195966e-01,0.000000000000000000e+00,3.053350426659547923e-01,2.389982622164744108e-01,3.452424098494032978e-01,1.876250058333805981e-01,4.676816693725623364e-01,3.561668294513370969e-01,2.374966220707050713e-01,2.376083992290209390e-01,3.050879348061294460e-01,5.551456472137752396e-01,5.625047342204382295e-01,3.021634191565368277e-01,0.000000000000000000e+00,2.440858849761743943e-01,1.775252653391459212e-01,4.319584756824398908e-01,4.872417411082111682e-01,1.379115939590466189e-01,5.515119673627736363e-01,3.664456718789825818e-01,3.525412705528204182e-01,4.101364035796321028e-01,3.135342108272827222e-01,5.815741365322147916e-01,0.000000000000000000e+00,4.031572720201523907e-01,3.600273410020023435e-01,5.375357609161781625e-01
3.296897208232236753e-01,6.244218149620691660e-01,8.209548468848653080e-01,6.954577636171450639e-01,4.899777314767020386e-01,8.280012034759376416e-01,8.934072625194783290e-01,7.825947342125195716e-01,9.275984922047245673e-01,0.000000000000000000e+00,2.572731013326547966e-01,6.672847827296268797e-01,7.876526015083775700e-01,7.987580509180979282e-01,7.255970549384651580e-01,8.522268267138433107e-01,5.961335467686158518e-01,0.000000000000000000e+00,2.644922406045623342e-01,2.633456643085554383e-01,7.070164572097690225e-01,1.732996725529298288e-01,6.756194586689263648e-01,5.857029723379814090e-01,3.567029129949270683e-01,4.114465988070202251e-01,3.682814253319136033e-01,9.668539162814884791e-02,4.004173776219336345e-01,2.946208230860571375e-01,4.590572512959517626e-01,6.457183677909841268e-01,5.598965222556778754e-01,5.794448017570102971e-01,0.000000000000000000e+00,0.000000000000000000e+00,2.531782309115144236e-01,2.636890740631185892e-01,4.498261751776226891e-01,0.000000000000000000e+00,6.030574695607211488e-01,4.378422599947539018e-01,6.593968650681786281e-01,1.986284126064381539e-01,3.688670736540809458e-01,0.000000000000000000e+00,6.637918518974855742e-01,6.555899442240065156e-01,5.071439485487785337e-01,0.000000000000000000e+00,5.259544476343286368e-01,0.000000000000000000e+00,0.000000000000000000e+00,7.203421024747864720e-01,4.952863159683885130e-01,6.291893966627081225e-01,1.547855707170851247e-01,3.917521396917792442e-01,6.111181591933259050e-01,0.000000000000000000e+00,7.197388137325948509e-01,0.000000000000000000e+00,3.105889906022147873e-01,1.812360700476771946e-01,3.316527293009667310e-01,1.509760916150342802e-01,5.114035687332175728e-01,3.748092081636136275e-01,2.469496719383234007e-01,2.500165486398481796e-01,2.480705057284273984e-01,5.059297350482375721e-01,4.897060405935136362e-01,2.251401116944674596e-01,0.000000000000000000e+00,1.634453224406579586e-01,1.163840273721434837e-01,3.704787271633276924e-01,5.047631047735936516e-01,1.294778950094730707e-01,5.973361191435243578e-01,3.835364082977273936e-01,3.267468097346644673e-01,4.126470272072770840e-01,3.257123386366576057e-01,5.599733625357902200e-01,0.000000000000000000e+00,4.286184421983014192e-01,3.711163807765029965e-01,5.445624781488029864e-01
5.877734454912273421e-01,5.519757724327457593e-01,4.991333821226507372e-01,5.702466960538455920e-01,3.050702967990792103e-01,2.757553237324477657e-01,4.781745247075303573e-01,5.327685819085596908e-01,2.770471421701908299e-01,2.572731013326547966e-01,0.000000000000000000e+00,6.142712632540120454e-01,6.708321539143147216e-01,5.644172098708355456e-01,5.642744652463479449e-01,4.373041832033530696e-01,6.198646769679136970e-01,5.190181875625510255e-01,5.765212362544045455e-01,5.646645843906468176e-01,3.098384137515876047e-01,1.859170072559061249e-01,6.061421758948641880e-01,6.091769693839865774e-01,3.885928811726533372e-01,4.821788645740718304e-01,2.411130824182262100e-01,3.104645709893694150e-01,7.679519649395538661e-01,6.449577931720986701e-01,7.029346134063689799e-01,6.155346315805810820e-01,6.134631072315459566e-01,6.567185272377491501e-01,4.002058716398788629e-01,4.188896035970857690e-01,5.456375165677587180e-01,5.413725109772083988e-01,3.480788301107909932e-01,3.091278509926579932e-01,2.786357905312836780e-01,3.449423860171789147e-01,4.016205232678574655e-01,3.432982068374236806e-01,4.166243808236641533e-01,3.457046322630260571e-01,4.245539511409095468e-01,4.549577984128564956e-01,3.278810911510069981e-01,2.353320552193912396e-01,3.309167046353591046e-01,2.028905309446808192e-01,1.777850737531466163e-01,3.820949261916221085e-01,3.679111371561305521e-01,4.102467943005815298e-01,6.059853689878629268e-01,5.516993783510242277e-01,4.398913775321997566e-01,2.694111045688035166e-01,4.953565141774729508e-01,3.051896411758324157e-01,6.556678728510421106e-01,5.902913430811678186e-01,3.814423460775189234e-01,4.067215005385317328e-01,4.655616348455522413e-01,4.595032004309178020e-01,4.768022100296880894e-01,4.640663366357436481e-01,5.717484806889998605e-01,5.560884227765650056e-01,5.386763021725421430e-01,6.110033085418574705e-01,4.341891220567956622e-01,6.073322167856550768e-01,7.075669308411668412e-01,7.315623821175498698e-01,5.012867142862580394e-01,4.222963431112490840e-01,6.228504803540957369e-01,5.668108450783286845e-01,3.830153587697755491e-01,4.924723315879120378e-01,5.582220727685394124e-01,5.743834887902320441e-01,1.820536535433897873e-01,3.331313953192626132e-01,5.084675292547125025e-01,5.252031549742671723e-01
5.160404428596460091e-01,6.876432222491106749e-01,7.491004019545963732e-01,7.791959179630628674e-01,4.884529308110950319e-01,6.164810876802165884e-01,7.762294703720901135e-01,8.567179944165399519e-01,6.678230860470949493e-01,6.672847827296268797e-01,6.142712632540120454e-01,0.000000000000000000e+00,8.156047769048632157e-01,8.812203069161087532e-01,7.366615073825578675e-01,7.431033929899583113e-01,6.827858196644673860e-01,3.920002127344970333e-01,5.069590112824058359e-01,5.122495099747402802e-01,6.204292747911136496e-01,1.819257293072159554e-01,7.061312800873449369e-01,7.652405035419159729e-01,3.506799509084119748e-01,4.986377647548166370e-01,4.288133371826850504e-01,2.956161061472521445e-01,6.352240292861387472e-01,6.532458579475615146e-01,6.497525439877628317e-01,7.319268520714875548e-01,6.776641458603170909e-01,7.598967165670835744e-01,0.000000000000000000e+00,2.148889577192789335e-01,4.788503913660515088e-01,5.047344199691049527e-01,5.197897870256252828e-01,3.149211065338172744e-01,5.365591500788842172e-01,4.713328461162147875e-01,6.272724345062505868e-01,3.476142141088449655e-01,4.778911131894760800e-01,3.293861350174304148e-01,6.388475534826818514e-01,6.468347798605237342e-01,5.629377495696461509e-01,2.187227499420767995e-01,5.739427750771346481e-01,0.000000000000000000e+00,0.000000000000000000e+00,6.364927875307275773e-01,5.015620461670701191e-01,5.746188036399191290e-01,4.250899973819183275e-01,5.161397601188602025e-01,6.961759772769405830e-01,9.587228929784127884e-02,7.692321147541817394e-01,0.000000000000000000e+00,6.020017252759065629e-01,5.264273586036547492e-01,4.379978420788778748e-01,3.659378374034019110e-01,6.516614092612122988e-01,5.411736569184975032e-01,4.125315493282364909e-01,4.087916231105390152e-01,5.265122641006939608e-01,6.637210919063568637e-01,6.202646498509890582e-01,5.485148241240453970e-01,3.345736511427245818e-01,4.631628994184626147e-01,4.508955567013218091e-01,5.909081290528148678e-01,5.073652337657336142e-01,3.441419209102704602e-01,6.968175707759359794e-01,5.527443399845214378e-01,4.414807387477157063e-01,5.517619571305792947e-01,5.096508384612187248e-01,6.968399992050169356e-01,0.000000000000000000e+00,6.130315526973040274e-01,6.238694599988598988e-01,6.711870381607212277e-01
5.330773748563162329e-01,7.239691734698866510e-01,8.681995907170333426e-01,8.091025975156667105e-01,5.190273314719897613e-01,7.199487333502906372e-01,8.989806124181543012e-01,8.448501700161796801e-01,7.738498286676214200e-01,7.876526015083775700e-01,6.708321539143147216e-01,8.156047769048632157e-01,0.000000000000000000e+00,8.763381445293181304e-01,8.539344194858232706e-01,8.362176579688737066e-01,7.392504987993937515e-01,2.649108368317721340e-01,5.314739725660231340e-01,5.066054861246489516e-01,6.533776133969624311e-01,2.454435488339249682e-01,8.324716232816912198e-01,7.646620182440427849e-01,4.974027278382344153e-01,5.857935284851729651e-01,4.055538933777882993e-01,2.718110856318138868e-01,7.082250969162566800e-01,5.792813168526739220e-01,7.634599554980160407e-01,7.890374207918415816e-01,7.349567945958840331e-01,7.818746728229296616e-01,0.000000000000000000e+00,2.685228715546919553e-01,5.326844458569552909e-01,5.325218774962463542e-01,5.520980341447219164e-01,2.355728986115520895e-01,5.746076499470993415e-01,5.421009425228593415e-01,6.917529429941535746e-01,3.977403996087330307e-01,5.180285211122843680e-01,2.855197663470679936e-01,7.313962190918799067e-01,7.540190531694229703e-01,5.488230116878857201e-01,2.243277780706807722e-01,5.900851300917295816e-01,0.000000000000000000e+00,0.000000000000000000e+00,6.894838250303666483e-01,5.865414354555444909e-01,6.929261308587233437e-01,4.247881154788873403e-01,5.556450674420340130e-01,6.826581021957963680e-01,0.000000000000000000e+00,7.918512847916875375e-01,0.000000000000000000e+00,6.103525505906277626e-01,4.744025503860558324e-01,4.908846170573243906e-01,3.978295737519006448e-01,6.647253278309870339e-01,5.587002789999693242e-01,4.351753056237058215e-01,4.257753920500106926e-01,5.374234915165322368e-01,7.029548537532950281e-01,6.526842174587151879e-01,5.344734876380304867e-01,2.613825035274338071e-01,4.985015760819000996e-01,5.280845710219645994e-01,6.970500834105382015e-01,6.284638309499891440e-01,3.168105061099977804e-01,7.755884814493781976e-01,6.050097742036893989e-01,4.922709205789808085e-01,5.694983380218640034e-01,6.061880093144275117e-01,7.583112939448622969e-01,0.000000000000000000e+00,4.947346205815251752e-01,5.740467315832533668e-01,7.086927700990246493e-01
5.056810705440106801e-01,7.081246235889261387e-01,8.191971457657762912e-01,8.214651662134928589e-01,5.239654207347239634e-01,7.545826909167022700e-01,8.691218658283154097e-01,8.964977949279940850e-01,7.658651478675928548e-01,7.987580509180979282e-01,5.644172098708355456e-01,8.812203069161087532e-01,8.763381445293181304e-01,0.000000000000000000e+00,7.879120022985021121e-01,8.279335613320905063e-01,7.240298358863733741e-01,2.121618789262974814e-01,4.824608000149266940e-01,4.923065592610069152e-01,6.864382552212762167e-01,2.151440094186510554e-01,7.672916757754183470e-01,7.994484737953939657e-01,3.847221101751216454e-01,4.962625306233282019e-01,4.480810977702264775e-01,3.094549062934037753e-01,6.120766344431831651e-01,5.349456066683246913e-01,6.719646875005368392e-01,7.762042479700504982e-01,7.056919701302836190e-01,7.594213726059345637e-01,0.000000000000000000e+00,1.541312829736567191e-01,4.376431582847079005e-01,4.543489139106677843e-01,5.199400078255359547e-01,2.128202497616830946e-01,5.901994212855974364e-01,5.153270427089922112e-01,6.856867532262732601e-01,3.017501391120539500e-01,5.185995358197911242e-01,2.282930627543040825e-01,6.801192073498916191e-01,6.885696050419404246e-01,5.929181752068718447e-01,1.322958684710081878e-01,6.333892317150808804e-01,0.000000000000000000e+00,0.000000000000000000e+00,6.962278582137360061e-01,4.945544928686869124e-01,6.145520346551666124e-01,4.082436287389134555e-01,5.183005427872245940e-01,7.140549695285439702e-01,0.000000000000000000e+00,8.128817885958024014e-01,0.000000000000000000e+00,5.417704149178828033e-01,4.118397426218401436e-01,4.697177376777117441e-01,2.994132070877282836e-01,6.896908506593201205e-01,5.333349391019599484e-01,4.187294664648851805e-01,3.979764565596902171e-01,4.691880791846241294e-01,6.158016067407626748e-01,5.834286817417596582e-01,4.369469620587949077e-01,2.117398246569378029e-01,3.700583341345859423e-01,3.838253053507514889e-01,5.544865792030523322e-01,5.448276464388233098e-01,2.575203406188871780e-01,7.411842261942664933e-01,5.484196612242848712e-01,4.655656703396996998e-01,5.810006954963279346e-01,5.007206914971426004e-01,7.028053403661961296e-01,0.000000000000000000e+00,5.721839051534296505e-01,6.131244388753830377e-01,6.860262910084038435e-01
5.647451211689190620e-01,7.342356391627957724e-01,7.890204743132130938e-01,7.683636713892016967e-01,5.797244745050380565e-01,7.123701949689013047e-01,7.976161388983800116e-01,7.669852484330367259e-01,7.136758100297918572e-01,7.255970549384651580e-01,5.642744652463479449e-01,7.366615073825578675e-01,8.539344194858232706e-01,7.879120022985021121e-01,0.000000000000000000e+00,8.315056078942607565e-01,6.673248270668644677e-01,2.431006591860414290e-01,5.322514794906368918e-01,5.169874877558183757e-01,7.459759183173378938e-01,3.351028377946346226e-01,7.466171383062141231e-01,6.859365349893047359e-01,4.785247222901463093e-01,5.388727411962731528e-01,4.620476428401613656e-01,2.997176544268693732e-01,6.737977424721411923e-01,5.742564510362085928e-01,6.634895439939517692e-01,7.111890531085178768e-01,7.113654886243853115e-01,7.540857651679553353e-01,0.000000000000000000e+00,2.439804418960259402e-01,5.937955406405029946e-01,5.909257405042872557e-01,6.273121874183874569e-01,3.765741551669524734e-01,6.819771416043116652e-01,6.287641246611500589e-01,6.675351243689031655e-01,4.019781443235530549e-01,4.951580280134195711e-01,2.650543146594986355e-01,6.986374734043537815e-01,6.872579772697906542e-01,5.426804259019868404e-01,1.809937058107584928e-01,5.736490227335251380e-01,0.000000000000000000e+00,0.000000000000000000e+00,6.287685406986477377e-01,6.120730068971198534e-01,6.957711641740526032e-01,4.491121650878766580e-01,5.923125539570289755e-01,6.552240560222848398e-01,0.000000000000000000e+00,7.463974465459165542e-01,0.000000000000000000e+00,5.577820125374806093e-01,4.628601438988144690e-01,4.593544635508968188e-01,4.021703806842574780e-01,6.356377477332250114e-01,5.286503376029061396e-01,4.479731514844281781e-01,4.487423121997424214e-01,5.481952000286772764e-01,6.417585620802680468e-01,6.203501164920890432e-01,4.746758054937094129e-01,2.436115693179279063e-01,4.183343199116009159e-01,4.717702630273984399e-01,6.138113493147442368e-01,5.615033681059647952e-01,2.589034522828255747e-01,6.866818133277023950e-01,5.548324301088145560e-01,5.881367353982061008e-01,6.222440269499001086e-01,5.469854406421403858e-01,6.959212690555391934e-01,0.000000000000000000e+00,4.950681711142883024e-01,5.496339378959336219e-01,6.839220381681310190e-01
4.867956076983711577e-01,6.844743187583121058e-01,8.188335709810655727e-01,7.593543338085274597e-01,5.331802920612490615e-01,7.911788818117871935e-01,8.509387362299886126e-01,7.925833571753211348e-01,8.116916060632511920e-01,8.522268267138433107e-01,4.373041832033530696e-01,7.431033929899583113e-01,8.362176579688737066e-01,8.279335613320905063e-01,8.315056078942607565e-01,0.000000000000000000e+00,6.636857382571003106e-01,1.454545473983524517e-01,4.330602976939796345e-01,4.222453888744889250e-01,7.581136539324284662e-01,2.881257822150321557e-01,7.079150198207234679e-01,6.920304008255878658e-01,4.693976560455770941e-01,5.757043429508111876e-01,4.079255941544047692e-01,1.997157081205519769e-01,5.935640424349032385e-01,5.208053917295114577e-01,6.004809827929598054e-01,7.126508718996799052e-01,6.709295899429414956e-01,7.155346123926875634e-01,0.000000000000000000e+00,1.251412814176300070e-01,5.239790148763255884e-01,5.249706253360473251e-01,5.892880958061861296e-01,3.014988644280250929e-01,6.796357703803000971e-01,6.281342770778981510e-01,7.093638344994291911e-01,2.969326720072371639e-01,4.605417085174125513e-01,1.876870992918056869e-01,7.067663436094034912e-01,6.889411505185560891e-01,5.469216325156553982e-01,1.013203898785110246e-01,5.970401150769004683e-01,0.000000000000000000e+00,0.000000000000000000e+00,6.593763685892247706e-01,6.019320802182001051e-01,7.090692062669357032e-01,3.389359608402698343e-01,4.936733212041010121e-01,6.882342473386046100e-01,0.000000000000000000e+00,7.780635898321091037e-01,0.000000000000000000e+00,4.853381715324001089e-01,3.413330395911839399e-01,4.610955998836752112e-01,2.956192704826113293e-01,6.632761425818501921e-01,5.026862172248207639e-01,3.574793716565886625e-01,3.255347841620860327e-01,3.808904934241488238e-01,5.887584722789361846e-01,5.708788794093767605e-01,3.760474232711289444e-01,1.148440249091957910e-01,3.030717152431421368e-01,3.042827067747435610e-01,4.840603165569879462e-01,5.648766740841405509e-01,2.056675241873844318e-01,7.073567774244283735e-01,5.271269930342568077e-01,5.081685529367753196e-01,5.868786467066550161e-01,5.389643904536822738e-01,6.977174931073232278e-01,0.000000000000000000e+00,5.092381376389534253e-01,5.458564540051824565e-01,6.327423143798671656e-01
7.545425124929293625e-01,8.134847665226270230e-01,6.571257235352842008e-01,6.628281694948887637e-01,3.843310660927504174e-01,5.723575166734866659e-01,6.837686346139866256e-01,6.713836566666325778e-01,5.748675950659730693e-01,5.961335467686158518e-01,6.198646769679136970e-01,6.827858196644673860e-01,7.392504987993937515e-01,7.240298358863733741e-01,6.673248270668644677e-01,6.636857382571003106e-01,0.000000000000000000e+00,4.988530738475717152e-01,6.939783054550369146e-01,6.946619404837249823e-01,5.538566711763412975e-01,0.000000000000000000e+00,6.120688652834311849e-01,6.518207282811108172e-01,3.304487647247930093e-01,4.574188704817695461e-01,3.322347264665368449e-01,1.914354485888546953e-01,8.278401338748704319e-01,6.073461501919766858e-01,6.444943021676462491e-01,5.912343524753715940e-01,7.847581187883522214e-01,6.923880426575517166e-01,0.000000000000000000e+00,2.279713989080247583e-01,5.140640781529151049e-01,5.540241981817486394e-01,4.235752937624605585e-01,2.952088542570684426e-01,5.442617795153620319e-01,5.111478412167077545e-01,6.015001798717732884e-01,2.724634177919103006e-01,4.038222238384931440e-01,2.103415774511820102e-01,6.208134632131121489e-01,6.060023443559241496e-01,4.131837591209243654e-01,0.000000000000000000e+00,4.590345236144786067e-01,0.000000000000000000e+00,0.000000000000000000e+00,6.365645819014968954e-01,5.001696802989149537e-01,5.857605397765746069e-01,7.357174595687014929e-01,7.099167358537574746e-01,6.550715869581026363e-01,7.093080463128308144e-02,6.725133090089490118e-01,0.000000000000000000e+00,6.615414732112648855e-01,4.613275605674506674e-01,3.275564052362762713e-01,2.245350450637249584e-01,6.355499694796421517e-01,5.054865211839817407e-01,6.537987740891538779e-01,5.760480245146054612e-01,3.553154662004356368e-01,5.049966447957616733e-01,5.787954563761273930e-01,4.561184468021292626e-01,2.887064432981091833e-01,4.095338814222440615e-01,5.141311792966724026e-01,5.771315911901476747e-01,7.124351433280869950e-01,4.857428135861657781e-01,8.501663744786449595e-01,7.272658696489605612e-01,4.212840303970069034e-01,5.191816572039670286e-01,5.026984968830876532e-01,6.509979241388880178e-01,0.000000000000000000e+00,4.234458919375325148e-01,5.241934083885246842e-01,6.217097379115488209e-01
