0.000000000000000000e+00,3.912854595695956506e-01,6.551152980976637785e-01,5.744700783132474786e-01,4.146178928070269332e-01,4.733249116708290183e-01,7.075658445223699244e-01,4.120535090591299632e-01,5.881557331496513052e-01,5.770107380311526590e-01,5.796198784886600341e-01,4.065757803174541163e-01,5.772945574048083950e-01,2.420923099288628255e-01,5.012882386192578643e-01,6.386049866219865034e-01,4.269820112579753024e-01,5.838365367408335782e-01,6.461641716020474213e-01,7.531692880244214017e-01,5.433204041294331654e-01,4.278259406712737745e-01,4.345551645277371255e-01,4.938937056249193547e-01,5.218210485670964349e-01,4.936721425955525877e-01,2.681319232798159979e-01,3.949407672027986926e-01,6.629168772997481307e-01,6.515662656008481823e-01,5.756712369194768586e-01,4.478140258069697177e-01,7.439994773251163984e-01,6.697555634491639820e-01,3.515716500845548209e-01,2.336901574329260656e-01,4.606377620325042832e-01,3.897795118081222587e-01,3.799645707667388961e-01,5.558826380814811952e-01,4.634885066001821485e-01,5.348453032897066972e-01,0.000000000000000000e+00,2.060300977974323100e-01,5.461598137217775761e-01,3.023221326029153500e-01,4.868763169879939401e-01,3.838062970124307416e-01,2.227229576979672110e-01,0.000000000000000000e+00,3.913597644225930705e-01,2.883007815345022262e-01,0.000000000000000000e+00,2.474514891663478211e-01,3.032477039355753745e-01,3.602601670026604475e-01,7.963619973847739786e-01,3.239569910699948152e-01,5.974412685163752457e-01,2.006352108145682822e-01,6.170237343764550797e-01,0.000000000000000000e+00,3.964329701247102933e-01,0.000000000000000000e+00,2.864188359188656885e-01,0.000000000000000000e+00,5.284485897166524282e-01,4.792411333992285249e-01,6.404145400896336104e-01,3.917666167813356748e-01,6.674830967680210891e-01,6.571988362424218133e-01,6.728114208914949268e-01,6.546703084520845151e-01,4.391344113795743187e-01,5.456027966336269852e-01,4.902441081042882565e-01,5.878394712375695219e-01,1.174655451740683199e-01,2.034419814063633813e-01,3.413031657133162033e-01,5.954586613254815308e-01,4.449193299059362450e-01,4.779634358842227981e-01,3.759828349599923514e-01,5.595000975047200731e-01,1.914526738754918356e-01,5.352954286620743574e-01,4.654786679609701494e-01,5.807051273957846149e-01
3.912854595695956506e-01,0.000000000000000000e+00,5.104215691472349103e-01,6.049465756910946679e-01,3.690055803032890047e-01,4.453476216917870989e-01,4.908799422788674427e-01,6.684595586570257764e-01,4.939362251539861637e-01,4.737378215149291028e-01,4.365154622068679879e-01,6.429511157886074191e-01,5.403443426131865346e-01,5.889724745024599306e-01,4.876781129928465797e-01,4.108185909251383383e-01,2.464330957608562578e-01,3.957055233737551969e-01,5.449121728914014806e-01,5.887914560887277382e-01,3.100921897368943414e-01,3.724643842788577519e-01,5.348645738899816537e-01,6.181941915708297763e-01,5.212700548049276073e-01,5.011268715320246203e-01,2.209170399841729193e-01,3.664072375603270593e-01,4.330397007247028807e-01,4.165623397079262769e-01,5.499426772768788441e-01,5.822045683134526861e-01,3.320337301413135989e-01,4.936822148674575583e-01,3.356427894131485123e-01,2.720373605418479612e-01,2.398197095635571374e-01,2.585438532180278637e-01,2.912615909906702272e-01,3.371848956379346340e-01,2.949107951261232263e-01,3.203281081086598592e-01,0.000000000000000000e+00,2.246275186775082977e-01,3.547031755419397525e-01,4.032366099212798538e-01,4.283060824311696324e-01,4.308522875142223874e-01,2.673899364855156779e-01,2.252557318910730910e-01,4.275590474043712286e-01,2.629321620396235515e-01,1.745015522250534246e-01,2.206802110650310789e-01,3.824430035515794524e-01,4.156185089620734741e-01,2.629418950788571796e-01,6.758915569511947385e-01,5.977200654257178725e-01,4.034399591236982330e-01,4.200353141901456144e-01,2.240935774247852508e-01,2.111726527360796302e-01,0.000000000000000000e+00,5.109285056312883322e-01,2.227014256080623866e-01,5.780532760568751760e-01,5.261821513925809546e-01,2.217051952130639492e-01,3.051128513039133572e-01,4.504157643158741009e-01,4.578573159248829350e-01,3.840754763709480768e-01,3.937537921653063155e-01,2.201612801389467300e-01,2.599281897463100455e-01,3.315128678305520049e-01,3.904410349502164812e-01,6.562005783423828509e-02,1.219914542152688575e-01,3.371196047523495332e-01,4.068085883488751220e-01,3.738421169469678951e-01,4.452998033629172459e-01,4.537222740861840964e-01,5.186612470128546537e-01,2.140349798963322447e-01,5.010995883018722896e-01,5.223425215023006496e-01,5.084273975383885036e-01
6.551152980976637785e-01,5.104215691472349103e-01,0.000000000000000000e+00,9.348430329419891160e-01,3.188549614450900682e-01,4.554543226766921138e-01,9.348128136677351652e-01,8.452839316341294040e-01,6.661160506834979955e-01,6.776580461943142453e-01,5.547361834944030123e-01,6.290429135400451566e-01,6.763312173117029813e-01,5.763561585329005643e-01,6.009611181134573155e-01,6.205401625514533892e-01,2.604809763312699311e-01,3.488738224493576623e-01,7.253738224259641543e-01,7.256093624411116272e-01,4.534121268613813815e-01,4.829581551931473871e-01,8.869652874741352777e-01,8.817752755388224006e-01,6.596774981428453755e-01,6.485332177570141132e-01,1.107796468295734055e-01,3.091849228709707686e-01,5.966538336642106533e-01,5.753194580931985103e-01,7.727878957125412507e-01,7.757439513383371787e-01,3.985752383430514190e-01,5.584044851525515885e-01,3.894148604430016647e-01,4.045138759872992651e-01,3.715125981211107598e-01,3.278493172889561658e-01,2.091367262005077166e-01,3.643545538813500739e-01,3.973487065504280324e-01,4.416173826048515050e-01,0.000000000000000000e+00,3.355062117242716413e-01,5.621541250792079225e-01,5.932817828060563681e-01,4.466370442934917695e-01,4.952224333865319350e-01,3.628301078264161150e-01,2.677214348553038081e-01,4.822596129294651757e-01,4.209616792708228972e-01,2.172736582003126082e-01,3.506261254420465212e-01,2.424056707839708225e-01,4.102365824577483000e-01,3.615158206383417006e-01,2.393948617626365238e-01,6.333892768570930087e-01,3.640699301254153308e-01,4.033076650382604877e-01,1.106574059586848263e-01,1.095341156529535953e-01,0.000000000000000000e+00,3.900432067184099738e-01,2.139138517282539731e-01,6.811688590119840958e-01,6.526700563234490993e-01,2.822609902663343884e-01,2.016978317232803464e-01,6.411122278499210569e-01,6.085779666588029269e-01,5.547619919931129351e-01,5.111729131612395838e-01,3.433738357150942777e-01,3.418407459298106188e-01,3.847581672641305905e-01,4.152738892881916999e-01,1.123073156762243313e-01,1.460250609775607666e-01,3.078717043555516675e-01,4.103404536458032936e-01,3.786148682030573420e-01,5.063888085740451128e-01,5.333062661962546525e-01,6.096324470958697228e-01,1.796612816920217515e-01,5.621786626676160692e-01,4.525733427640052930e-01,5.334976072702960481e-01
5.744700783132474786e-01,6.049465756910946679e-01,9.348430329419891160e-01,0.000000000000000000e+00,3.255806204372803658e-01,4.736558587551812360e-01,8.826833629487368382e-01,9.144641487974910499e-01,6.539203477974162571e-01,6.528522971717201084e-01,5.763489201511655668e-01,6.886107878610059352e-01,6.979290444009108585e-01,6.478135966623920217e-01,6.217160502422307555e-01,6.059336293369100845e-01,2.622783688047437556e-01,3.378500522814818496e-01,7.179081583062740801e-01,7.184224314542099199e-01,4.122348487684316942e-01,4.515421379452776440e-01,9.269281831600896249e-01,9.260724193610249122e-01,6.798432671382308445e-01,6.567383173332201896e-01,1.447381608021618971e-01,3.240567577794344900e-01,5.798619756107958878e-01,5.516255884607025317e-01,7.931412756389016883e-01,8.249464333063349919e-01,3.476911001259233025e-01,5.648749516361809553e-01,4.365573133314488707e-01,4.697942821136252278e-01,3.487092581351874387e-01,3.578957138055725018e-01,2.181042862407704119e-01,3.731344634904519286e-01,4.289971935240590173e-01,4.344568751029180831e-01,0.000000000000000000e+00,3.006324117582919175e-01,5.024590768601572277e-01,6.211742411411621534e-01,4.698480425107777192e-01,5.430097792476576979e-01,3.295474208872703481e-01,3.263069049983989278e-01,4.723127922608069129e-01,3.742665735316857978e-01,2.587550866854222420e-01,3.154239725940284900e-01,2.881678651351572973e-01,4.326259223729770342e-01,2.792075888404544903e-01,2.572469146715569699e-01,6.313250175686277998e-01,3.914422259455430098e-01,3.456210798524763650e-01,9.791948755958156114e-02,1.015562363304969989e-01,0.000000000000000000e+00,4.600378102361839527e-01,3.017663644056837735e-01,7.173278810873411349e-01,6.519637645116520552e-01,2.218931413880160797e-01,1.387948829809538820e-01,6.197252395745934672e-01,5.949814029745241761e-01,5.192309207070080479e-01,4.861008393075435530e-01,3.390840994954263943e-01,3.256896264854602929e-01,3.756528214322601977e-01,4.008759149749324679e-01,1.150170986647405247e-01,7.772500565210734014e-02,3.304346477576634022e-01,3.853231578363927601e-01,4.000534102317934160e-01,5.259337060198058245e-01,5.335071473992112345e-01,5.987474626809077272e-01,2.163991421816967575e-01,5.894713857172948490e-01,4.833416681457738950e-01,5.427010138444355869e-01
4.146178928070269332e-01,3.690055803032890047e-01,3.188549614450900682e-01,3.255806204372803658e-01,0.000000000000000000e+00,8.551766507162349429e-01,3.099604807333086187e-01,3.287934779497368454e-01,6.171654656969113306e-01,5.849587704148696554e-01,5.402417146675446702e-01,4.802547697060259302e-01,5.700724157955449067e-01,4.441920539738917206e-01,5.854343856724368855e-01,5.998699682399535327e-01,2.868994081110715078e-01,5.407119072149303429e-01,3.778599627463967159e-01,4.264049805828236672e-01,5.799235000969941156e-01,3.591656347485404632e-01,2.378536765352967930e-01,3.843528048662069319e-01,6.113669960261217673e-01,5.743852440921793923e-01,6.603148310966208134e-01,8.119980963853151712e-01,5.923311947163868441e-01,5.200068034696363473e-01,5.234111006051119785e-01,4.392698112745022643e-01,4.129263739071716843e-01,4.509743536540769537e-01,3.748150204171902256e-01,3.198684087701409440e-01,3.912039165796746265e-01,4.082690801610118214e-01,4.005776608368172287e-01,5.495996685859401154e-01,3.791357863407823214e-01,3.621253107903625867e-01,0.000000000000000000e+00,9.926230816208052310e-02,1.858657039012227008e-01,1.552888213731496991e-01,4.686329701380645418e-01,4.200416674896197411e-01,0.000000000000000000e+00,0.000000000000000000e+00,1.646292462754601060e-01,7.364626155431173993e-02,0.000000000000000000e+00,0.000000000000000000e+00,3.361866568720446868e-01,4.101765540466663085e-01,3.127306330436255832e-01,1.306928998762194871e-01,4.373109830615867222e-01,2.315534840612973877e-01,4.185716152665414080e-01,0.000000000000000000e+00,3.904118974504920403e-01,0.000000000000000000e+00,4.597673776819600766e-01,0.000000000000000000e+00,3.843058106300707433e-01,3.890267127026544869e-01,2.126164644652839275e-01,1.114579048564879327e-01,4.998684608739854540e-01,5.770449160994299831e-01,4.973817038543162372e-01,5.365682182474950102e-01,3.132109617495006382e-01,4.420887093573674931e-01,4.306737454679059329e-01,5.153015498032743613e-01,2.232390577250786545e-01,2.349476202040446104e-01,3.818981332274053453e-01,5.127903730717342512e-01,7.166309426878169075e-01,2.611302653107229754e-01,3.585856361838219430e-01,5.366359566752092469e-01,3.963749485275661621e-01,4.383330583704777017e-01,3.836156717129644012e-01,5.390474809759535635e-01
4.733249116708290183e-01,4.453476216917870989e-01,4.554543226766921138e-01,4.736558587551812360e-01,8.551766507162349429e-01,0.000000000000000000e+00,4.297973370679587513e-01,4.766197684958064507e-01,7.169315773446786055e-01,6.924617925393816709e-01,6.008010515482389291e-01,5.288760149395118626e-01,6.648791441481142206e-01,4.940055793366614489e-01,6.818566911238671535e-01,6.921236628568374627e-01,2.623813924088271299e-01,5.034557497009745086e-01,4.193741505820440252e-01,4.917661099251046108e-01,6.030790480814783860e-01,4.475210368785965676e-01,3.955144356464446176e-01,5.273648432953279563e-01,6.991334335591645743e-01,6.904158607623473998e-01,6.319718788264663267e-01,8.113682667376160840e-01,6.470057618638842545e-01,6.015633415881063151e-01,6.377419199578933107e-01,5.531814834728613350e-01,4.005019098220116702e-01,5.036967668569243273e-01,4.614034224268048212e-01,4.144921014689133543e-01,4.130206896521578797e-01,4.158815986014017252e-01,3.472573197740036477e-01,5.475252276440868426e-01,4.185524052302999620e-01,3.800434885300836285e-01,0.000000000000000000e+00,1.674529114437433575e-01,2.688811116222974418e-01,2.650606398296372901e-01,5.556362106784475952e-01,5.233784923572243342e-01,0.000000000000000000e+00,1.070339597879803178e-01,2.809120206900463934e-01,1.737966319800139658e-01,0.000000000000000000e+00,7.897520431281926379e-02,3.677064122468204910e-01,4.692847761268585383e-01,3.465383801735256175e-01,1.523198756168731016e-01,5.410632249205972188e-01,2.776123252781168560e-01,4.348825168563826282e-01,0.000000000000000000e+00,3.124721390748104732e-01,0.000000000000000000e+00,4.866804540278284463e-01,0.000000000000000000e+00,4.962543984548992149e-01,4.789141408896504526e-01,2.488778398611365128e-01,1.330088543849485272e-01,5.771169715364257158e-01,6.559945242038185409e-01,5.823308143762812028e-01,6.129406021134622407e-01,3.596827586538058341e-01,4.795857422291928129e-01,4.709729621820982204e-01,5.673173543083718240e-01,1.657333402992622051e-01,2.486004297681374819e-01,3.392602215844484626e-01,5.142759481659331389e-01,7.206522052391549638e-01,3.434965367868360597e-01,4.439422566798276182e-01,6.314615815767977702e-01,3.631328646663735671e-01,5.103503478568645058e-01,4.575363466499550724e-01,6.135436568510622690e-01
7.075658445223699244e-01,4.908799422788674427e-01,9.348128136677351652e-01,8.826833629487368382e-01,3.099604807333086187e-01,4.297973370679587513e-01,0.000000000000000000e+00,8.286208544491917571e-01,6.997482572608220153e-01,7.025505642263766282e-01,5.791967129066838416e-01,6.281084639929307434e-01,6.857244726913283017e-01,5.565861418457074272e-01,5.984009646572349128e-01,6.321774617175820454e-01,3.149747938013738313e-01,3.720905625428588270e-01,6.803037243548221147e-01,6.945230907647648166e-01,4.500191794803453660e-01,4.735779712927570273e-01,8.508882690377852498e-01,8.387508667066299051e-01,6.503187556500795719e-01,6.517523158365643443e-01,8.250153921667360835e-02,2.862725648205047269e-01,6.202832789532282121e-01,5.809429417907244764e-01,7.882608080186783717e-01,7.680694554711308131e-01,4.646178115417197718e-01,6.044542539509641932e-01,4.003988324936841869e-01,3.887682625262615099e-01,3.880481267055318484e-01,3.251120364334700863e-01,2.403129776754231173e-01,3.740435644383764968e-01,3.929750968756638985e-01,4.405518631598946411e-01,7.462066128699415546e-02,3.890706385819836521e-01,6.438633844495972314e-01,6.312482306311181235e-01,4.254253848244139991e-01,4.831158291819486195e-01,4.326081188888228901e-01,3.040243849476546578e-01,5.587095231288982111e-01,4.984796037669290136e-01,2.291174746644205062e-01,3.968887004407221086e-01,2.365114769612527701e-01,3.836229059095127014e-01,4.186710227616059488e-01,2.527483978963205313e-01,6.504062520485713872e-01,3.572693125777821055e-01,4.962981198628640955e-01,1.538867104151012688e-01,1.921135753295261372e-01,0.000000000000000000e+00,4.166198802795417766e-01,2.298058027803335790e-01,7.040148994080260847e-01,6.755610060811997331e-01,3.072338285420967430e-01,2.299308017169203466e-01,6.747399599529230185e-01,6.200096877593503919e-01,5.882622512782732516e-01,5.209715052481362907e-01,3.618933838329111419e-01,3.475763305621323851e-01,4.029691067908016677e-01,4.286826496506691564e-01,1.297056666150651905e-01,1.212448442326273662e-01,3.166792541037702358e-01,4.275442039535080618e-01,3.701412596807946986e-01,4.892472584169201832e-01,5.377573381037973332e-01,6.148817897632173901e-01,1.685782876299473376e-01,5.376505418415593596e-01,4.694051931140489353e-01,5.308271535042654587e-01
4.120535090591299632e-01,6.684595586570257764e-01,8.452839316341294040e-01,9.144641487974910499e-01,3.287934779497368454e-01,4.766197684958064507e-01,8.286208544491917571e-01,0.000000000000000000e+00,6.690551011182614971e-01,6.879016575070072692e-01,5.807042702174939341e-01,7.779569208817419534e-01,7.031829297080242069e-01,8.082994502376357193e-01,6.313961306790331074e-01,5.577103754846115535e-01,2.363336809316195219e-01,2.741569216190787306e-01,6.230536359863472207e-01,6.037059485968945260e-01,3.466286542340491494e-01,4.303300841925258302e-01,9.145564078278508591e-01,9.114970427706811096e-01,6.913337371134756770e-01,6.786136786265611898e-01,1.054131848552933154e-01,3.162848268413496200e-01,5.202118945485020296e-01,4.833044609362255883e-01,7.921133978540537690e-01,8.704231105943447400e-01,2.644769151633215021e-01,5.224925413870438184e-01,4.195170539147968225e-01,4.513881210971225633e-01,2.951504207332335539e-01,3.349849909750826082e-01,2.040635013237347417e-01,2.985641470543088372e-01,3.847572935130327276e-01,3.591961779110121045e-01,1.351187944169290889e-01,3.718572992134242527e-01,4.933526239161186155e-01,6.935577417635253594e-01,4.373966082743270256e-01,5.468354145219015416e-01,3.882895791946648911e-01,4.459440116812037336e-01,5.037185287266099376e-01,4.141976589081640681e-01,3.737758802124001023e-01,3.698586227266751347e-01,3.219613328251519913e-01,4.323984605605725173e-01,9.352313762273042896e-02,2.836487770715925283e-01,6.075092476027399435e-01,4.207759410768404651e-01,3.416437028772346673e-01,2.012906214065766641e-01,0.000000000000000000e+00,0.000000000000000000e+00,5.469082862925593869e-01,4.704713382435474212e-01,7.609616570513733080e-01,7.077828686391116619e-01,0.000000000000000000e+00,6.620320647270128145e-02,5.190172638813443928e-01,5.068808424750992359e-01,4.137672711682217619e-01,3.858268369561970723e-01,2.333755475489888709e-01,2.134638166390560310e-01,2.798181921266710837e-01,3.023146398577818417e-01,7.061539671376469707e-02,9.321384347516747937e-02,2.782474616453171068e-01,3.027034361130480078e-01,3.433531036604375308e-01,4.870710028976825701e-01,5.349238984128089625e-01,5.990015632633715059e-01,1.452026274717414522e-01,5.237790578397303332e-01,4.594494701978322770e-01,4.867908685819003489e-01
5.881557331496513052e-01,4.939362251539861637e-01,6.661160506834979955e-01,6.539203477974162571e-01,6.171654656969113306e-01,7.169315773446786055e-01,6.997482572608220153e-01,6.690551011182614971e-01,0.000000000000000000e+00,9.001172629252817137e-01,6.334346616538333308e-01,6.648461535796528210e-01,8.075083235454448838e-01,6.058680053606149141e-01,8.038486134912600223e-01,8.283584498282828834e-01,3.158966381226154807e-01,5.369652413344974118e-01,5.442414759941354152e-01,6.457460320204685411e-01,7.163726672699270992e-01,6.384058013916777963e-01,5.792384787410398417e-01,7.065244427864154630e-01,8.647682906599732933e-01,8.345093782341355126e-01,3.608179352028064169e-01,6.102732256099806518e-01,7.834883354948207757e-01,7.405343694024839607e-01,8.434594344579219305e-01,7.456043380816239630e-01,3.801060628587041856e-01,5.231810434417933919e-01,5.108925727262164651e-01,4.665589004550426133e-01,5.664933857975509301e-01,4.546783546912477880e-01,3.589283319984099552e-01,5.396819853163073999e-01,4.746397630072096141e-01,5.651909955588895196e-01,0.000000000000000000e+00,3.367877771983354696e-01,5.511177356955534457e-01,4.927312628360090985e-01,5.676753187166903025e-01,5.471835715258513977e-01,1.863641822410312399e-01,1.601365140801704334e-01,4.465115831201681984e-01,4.057121212500096052e-01,0.000000000000000000e+00,2.659757903289134973e-01,2.861084335232186304e-01,4.757229798556049660e-01,3.978619402575510611e-01,2.114137771973119140e-01,6.174222834215005173e-01,2.122893225942528994e-01,4.815082614620099788e-01,0.000000000000000000e+00,2.998626559709356432e-01,0.000000000000000000e+00,4.819000355274041802e-01,0.000000000000000000e+00,6.089262442741878445e-01,6.277132155737116248e-01,2.873893738237106588e-01,1.892987098876859897e-01,7.414787892000267444e-01,7.993498450984611869e-01,7.460584852641565234e-01,7.429025220985068234e-01,4.793088932254286338e-01,5.875699019348885610e-01,5.741270255050865412e-01,6.356430903909944252e-01,2.210578046628432769e-01,2.469002205074803391e-01,4.036073249548365882e-01,5.940958008428521842e-01,5.655685722527710180e-01,5.156751754544561805e-01,5.944463034200031526e-01,7.464547524499904885e-01,2.648601771482079204e-01,6.386055736795867022e-01,4.843182374973405979e-01,7.059381514045016681e-01
5.770107380311526590e-01,4.737378215149291028e-01,6.776580461943142453e-01,6.528522971717201084e-01,5.849587704148696554e-01,6.924617925393816709e-01,7.025505642263766282e-01,6.879016575070072692e-01,9.001172629252817137e-01,0.000000000000000000e+00,6.056523659810247873e-01,6.496699691777874097e-01,7.082954028215582287e-01,6.484169836905221418e-01,6.676285575611889955e-01,8.111665134087895357e-01,3.168613473908096778e-01,4.652335108655498153e-01,5.156349643463318255e-01,6.070986110064869878e-01,6.001388993423182328e-01,5.466322801930438846e-01,6.070403150112272384e-01,6.882108865719032131e-01,8.199392269792580290e-01,8.032862659331023725e-01,2.746156433581443679e-01,5.154699401541210646e-01,6.986946019463109447e-01,6.997162205717786243e-01,7.933274780989373332e-01,7.264165292149878939e-01,4.142372000699970358e-01,5.405469157298959937e-01,4.011411925913500043e-01,3.679346120006377063e-01,5.256356969276586577e-01,4.390536145230757303e-01,2.912725531198715467e-01,4.130353237783813691e-01,4.392663261103785244e-01,4.981257460144857263e-01,0.000000000000000000e+00,3.922527490464812194e-01,5.912324407104335711e-01,5.241836773074498579e-01,4.584124689540063358e-01,4.764306272915357909e-01,3.047795364143960350e-01,2.515600194495495323e-01,5.139137939217203188e-01,4.253642757989664069e-01,1.407511136946985875e-01,3.220460247272946552e-01,2.212445758824571063e-01,3.716775858624327689e-01,3.703665337256946688e-01,2.424562785865733705e-01,5.669064699867281121e-01,2.216095393183528939e-01,4.477865577113162021e-01,0.000000000000000000e+00,2.523090168350827778e-01,0.000000000000000000e+00,4.503877394728125205e-01,0.000000000000000000e+00,6.259584526540391547e-01,6.450130330542108714e-01,3.203782823979200445e-01,2.295497923777679028e-01,6.570208042611809240e-01,6.753654864668567903e-01,7.072411048576197068e-01,6.833304331545390076e-01,4.931703535573329078e-01,5.263732320285545718e-01,5.707859505567491887e-01,5.934337531680901057e-01,2.316946450049502670e-01,2.265494200450974271e-01,3.505025398978196538e-01,4.965348387883500303e-01,4.802123054566748150e-01,5.006276218394768440e-01,5.489140874446352125e-01,6.852102617501680815e-01,2.546945362989234130e-01,5.603404622182610595e-01,4.022329807583892580e-01,5.517678941489478905e-01
5.796198784886600341e-01,4.365154622068679879e-01,5.547361834944030123e-01,5.763489201511655668e-01,5.402417146675446702e-01,6.008010515482389291e-01,5.791967129066838416e-01,5.807042702174939341e-01,6.334346616538333308e-01,6.056523659810247873e-01,0.000000000000000000e+00,6.015315779100448568e-01,8.385886507945875534e-01,5.745918124504938440e-01,6.006440162714934416e-01,6.890336221930551952e-01,3.270757270886661683e-01,5.147106025578990218e-01,4.025888318099062335e-01,4.805086114234248806e-01,5.048759899459037692e-01,3.787791817841814623e-01,5.572392364364077144e-01,6.080417020698977160e-01,6.305234109536109743e-01,6.069658778753402872e-01,2.650803456824015747e-01,4.865333758151317300e-01,6.004985019965884963e-01,5.537352259888709272e-01,6.429643560952322812e-01,5.958461152301381958e-01,4.185512356394194278e-01,5.626307940194932300e-01,3.260476201212147984e-01,2.940354291301572331e-01,4.517960526328959614e-01,3.913232604747388099e-01,4.552450551958868163e-01,5.784771565041304520e-01,4.539597656888317845e-01,4.270557654082063337e-01,0.000000000000000000e+00,2.854561283206640265e-01,4.207928260570099610e-01,5.404947513811961812e-01,5.386599544483468005e-01,5.008549881740868015e-01,1.850316128715492059e-01,3.836814086474864549e-01,3.340431958578026772e-01,3.345868073868082382e-01,1.700096416210226113e-01,2.918995381382437637e-01,2.636622105740641375e-01,3.158712450499103208e-01,2.819001997829497785e-01,1.232329829283324435e-01,4.092842231828877075e-01,2.273981428848652064e-01,2.574930518665833334e-01,0.000000000000000000e+00,1.827256531529107830e-01,0.000000000000000000e+00,3.657065813884958771e-01,8.862617544576151252e-02,5.595449853608689406e-01,4.871852949701366287e-01,2.058493091345859893e-01,8.438364483688903794e-02,4.524700079097754291e-01,5.780145441438901965e-01,4.371062125725680980e-01,4.897626751452899274e-01,3.048597407266098180e-01,3.743102543827458994e-01,2.504731613966211246e-01,3.277948165176371442e-01,1.026914425174097617e-01,7.000858149172820011e-02,2.837219792176436384e-01,4.447527851944718669e-01,5.349559843578053364e-01,3.564931161128455095e-01,3.631392948244190899e-01,5.644482311699612342e-01,2.637409615694039089e-01,4.551081614066110892e-01,3.513960651642028532e-01,4.959440585016008374e-01
4.065757803174541163e-01,6.429511157886074191e-01,6.290429135400451566e-01,6.886107878610059352e-01,4.802547697060259302e-01,5.288760149395118626e-01,6.281084639929307434e-01,7.779569208817419534e-01,6.648461535796528210e-01,6.496699691777874097e-01,6.015315779100448568e-01,0.000000000000000000e+00,6.958062185462060567e-01,8.295190488700415754e-01,6.499437107133796410e-01,5.906114440200870286e-01,3.313337519284557664e-01,5.211816024655907542e-01,6.104506269850114020e-01,5.943312727747906976e-01,4.850503886961635702e-01,4.806284703247008516e-01,6.304320410661576890e-01,7.327344084895163201e-01,6.411664861884095457e-01,6.024752589959000426e-01,3.362959538209068788e-01,4.915345937675902888e-01,5.468608844632664168e-01,5.350032594152334120e-01,7.208088606263273190e-01,7.846785433472233118e-01,2.784060431367541555e-01,5.295207619751634009e-01,4.268372551652465097e-01,3.999456703186624607e-01,4.458353017107315464e-01,4.894715451179807442e-01,3.556048751470052838e-01,4.525091593053895966e-01,4.334962724922781785e-01,5.187939141206537874e-01,0.000000000000000000e+00,1.904451277493882100e-01,4.008646006140740292e-01,4.863363009589224961e-01,5.094112799469514563e-01,5.061770096644790939e-01,2.176122916625488624e-01,2.271485806649883310e-01,3.894058791502318373e-01,2.626127278088354888e-01,1.925712070091158135e-01,2.379355153592535022e-01,3.525924765276745587e-01,4.455398430906054030e-01,1.146497040950464202e-01,2.839315639657462587e-01,5.440686905269037643e-01,3.073281657100285225e-01,4.137245424506841851e-01,1.075080268740195855e-01,1.799897553300667252e-01,0.000000000000000000e+00,5.706442997516655291e-01,2.634965143069445404e-01,6.275556742756804862e-01,5.946459715139782443e-01,0.000000000000000000e+00,0.000000000000000000e+00,5.086783540315511498e-01,5.385078484141037070e-01,4.321120295057740424e-01,4.633923310459057698e-01,2.569404822508808417e-01,3.064350611366116750e-01,3.157360826013897448e-01,3.840904509916187037e-01,1.013171204044947954e-01,0.000000000000000000e+00,3.535886726855186901e-01,4.778966451849936958e-01,4.626586741022858384e-01,4.890413577836013603e-01,5.443230861894666761e-01,6.469489450016546739e-01,1.992744950296634066e-01,5.452750509541138824e-01,5.245433645438997150e-01,5.755458093929822772e-01
5.772945574048083950e-01,5.403443426131865346e-01,6.763312173117029813e-01,6.979290444009108585e-01,5.700724157955449067e-01,6.648791441481142206e-01,6.857244726913283017e-01,7.031829297080242069e-01,8.075083235454448838e-01,7.082954028215582287e-01,8.385886507945875534e-01,6.958062185462060567e-01,0.000000000000000000e+00,6.549314506551391357e-01,8.046215626026775869e-01,8.069588286291931034e-01,3.105857906508973088e-01,5.815852915594337258e-01,5.166687340549502849e-01,6.127433152457842924e-01,7.061113415284243633e-01,6.082189772503736602e-01,6.554612361840251866e-01,7.521226743100976053e-01,7.796614052646442250e-01,7.645972949176862432e-01,2.744798902216483150e-01,5.865611348229907707e-01,7.508839430166085460e-01,7.142853841939859061e-01,8.311342325194991387e-01,7.884432662578328976e-01,3.655343363231574605e-01,5.493546735390173463e-01,4.931584812549174024e-01,4.509206207650422460e-01,5.871507111283360558e-01,4.836237248801393829e-01,4.931960023363208823e-01,6.505247550905582932e-01,4.933990326172342789e-01,5.707423316530554347e-01,0.000000000000000000e+00,3.064387365950215214e-01,4.721732888840551867e-01,5.631444319179740310e-01,6.253121379679178471e-01,5.543000495522134585e-01,1.114271054098611574e-01,2.559463411436092573e-01,3.170119401309592910e-01,3.193507090148298144e-01,0.000000000000000000e+00,2.422790809977649618e-01,2.869548471212020613e-01,4.557703599117480797e-01,3.360601738202210753e-01,2.046289578707194412e-01,5.395643771881398765e-01,2.123917493810093260e-01,3.497451723977212379e-01,0.000000000000000000e+00,2.169889313668290354e-01,0.000000000000000000e+00,4.508398559756152668e-01,0.000000000000000000e+00,6.079730521040058733e-01,5.951610555232682565e-01,2.443129332657402730e-01,1.305224307938499528e-01,6.580455206927160461e-01,7.893306672059190454e-01,5.941340865496707035e-01,6.596066345829542099e-01,3.735114275330851386e-01,4.931157461840205425e-01,4.026747396105644361e-01,5.075958045424615594e-01,1.419552466424101878e-01,2.048591287874393096e-01,3.873470812344585457e-01,6.155305159661546011e-01,6.082696615228573300e-01,5.380156583718807006e-01,5.212026480376875659e-01,7.197608808999698127e-01,3.036222134802584738e-01,6.519161105546881219e-01,4.322680113140965896e-01,6.954573256108350643e-01
2.420923099288628255e-01,5.889724745024599306e-01,5.763561585329005643e-01,6.478135966623920217e-01,4.441920539738917206e-01,4.940055793366614489e-01,5.565861418457074272e-01,8.082994502376357193e-01,6.058680053606149141e-01,6.484169836905221418e-01,5.745918124504938440e-01,8.295190488700415754e-01,6.549314506551391357e-01,0.000000000000000000e+00,5.884876246585878379e-01,5.180733757708505527e-01,1.964541307615301768e-01,3.209324315781622028e-01,4.989471050351090287e-01,4.471854996287421002e-01,3.392082383143203983e-01,3.829857619189486750e-01,6.660855033452031115e-01,7.061239617164747351e-01,6.447374927733451333e-01,6.216092872723190110e-01,1.921975020253934296e-01,3.995289405528008597e-01,4.449554642546186822e-01,3.943686774700295716e-01,6.557042552167797744e-01,7.714171858318622510e-01,2.079278976658842926e-01,4.194977273868243928e-01,3.544893659449986911e-01,3.784501739414824484e-01,3.050066288843732987e-01,3.968992157020571065e-01,2.884496458156985410e-01,2.720817375343720923e-01,3.593156755855347884e-01,3.576765563416229310e-01,1.553831565198456055e-01,2.924788224593635744e-01,3.261025470715749885e-01,5.623096572524853842e-01,3.606269669368128428e-01,4.297702245052623105e-01,2.540763043246100916e-01,4.157452153052876853e-01,3.662702299513085347e-01,2.460902380538103063e-01,3.740230517076433836e-01,2.884839318709163103e-01,2.970347223696366834e-01,3.386046277711657337e-01,0.000000000000000000e+00,2.745938733009642974e-01,4.102415619562479465e-01,3.034036880934189440e-01,2.900643366958411962e-01,1.909133713982291425e-01,7.821864867518789344e-02,0.000000000000000000e+00,6.057288605876127718e-01,4.308710984713811087e-01,6.407822062086152570e-01,6.281565149085719391e-01,0.000000000000000000e+00,0.000000000000000000e+00,3.551034274254364909e-01,3.731952299938592899e-01,2.877943805835340707e-01,2.912249406260487006e-01,1.407107794464456108e-01,1.581793563179967332e-01,1.854823225624956384e-01,2.036255104070396338e-01,0.000000000000000000e+00,0.000000000000000000e+00,2.824976571589745689e-01,2.564453559062701560e-01,3.536220559414615106e-01,4.275633810027151815e-01,4.935859074424437387e-01,5.432808262633880281e-01,1.581173907015918922e-01,4.309451837763655369e-01,3.515469321192858376e-01,3.627187410895453823e-01
5.012882386192578643e-01,4.876781129928465797e-01,6.009611181134573155e-01,6.217160502422307555e-01,5.854343856724368855e-01,6.818566911238671535e-01,5.984009646572349128e-01,6.313961306790331074e-01,8.038486134912600223e-01,6.676285575611889955e-01,6.006440162714934416e-01,6.499437107133796410e-01,8.046215626026775869e-01,5.884876246585878379e-01,0.000000000000000000e+00,6.730206298333811787e-01,3.105907217781592733e-01,5.527237350377629532e-01,5.636622267509694417e-01,5.969002979523400088e-01,7.537271538643324220e-01,6.538045653690488512e-01,5.643405880359448901e-01,6.680020489264254513e-01,8.232987057042857604e-01,7.539938773642699266e-01,4.346211748228563376e-01,6.761539757234396042e-01,8.091687558492468568e-01,6.467620849227584401e-01,8.013134936014065790e-01,7.583191946621566926e-01,3.237081074619741483e-01,4.530372559236107155e-01,5.267577833930138231e-01,5.029093468109799847e-01,5.195822996895793633e-01,5.017954168905837120e-01,4.381605510148974258e-01,5.985845969935683630e-01,5.295541278762369020e-01,5.754536008178424700e-01,0.000000000000000000e+00,2.214076632438807257e-01,3.836446538840755371e-01,4.275942885501335389e-01,6.254474343421670968e-01,6.034101879294228032e-01,0.000000000000000000e+00,0.000000000000000000e+00,2.527632401222985048e-01,1.896920390387693278e-01,0.000000000000000000e+00,1.213159425941498087e-01,4.569060210177058323e-01,6.114073701160948060e-01,3.411880071944601300e-01,2.154550721391660095e-01,5.181714369030367973e-01,1.651970901870206399e-01,3.770358277431817284e-01,0.000000000000000000e+00,1.785395774139043878e-01,0.000000000000000000e+00,4.345204730850441566e-01,0.000000000000000000e+00,5.316920220641492278e-01,5.471233137613763509e-01,2.040260137314646449e-01,7.590023440196698445e-02,7.075929272729057917e-01,7.718762592849717219e-01,6.185779212785672554e-01,6.225986287695262078e-01,2.204550719498132860e-01,4.162322349431329394e-01,3.691160200424143389e-01,5.005025660852323588e-01,6.499571158441767860e-02,2.814095726371800277e-01,3.841222039393149545e-01,5.843501653609194380e-01,6.474679414381940834e-01,5.063608284785008351e-01,5.182811287790295429e-01,7.256500536009773406e-01,2.119120983442629724e-01,6.747962018326518763e-01,5.240804670684198197e-01,7.258708230625092739e-01
6.386049866219865034e-01,4.108185909251383383e-01,6.205401625514533892e-01,6.059336293369100845e-01,5.998699682399535327e-01,6.921236628568374627e-01,6.321774617175820454e-01,5.577103754846115535e-01,8.283584498282828834e-01,8.111665134087895357e-01,6.890336221930551952e-01,5.906114440200870286e-01,8.069588286291931034e-01,5.180733757708505527e-01,6.730206298333811787e-01,0.000000000000000000e+00,3.790958045288824740e-01,6.211148346427467493e-01,4.952165314322501954e-01,6.207832238521761026e-01,7.397670615797199423e-01,6.194895874547312609e-01,5.185164156791360890e-01,6.169423146020588389e-01,7.657175004005640773e-01,7.543414454009029768e-01,2.938959452576853648e-01,5.501861320687734258e-01,7.974088015478600910e-01,8.913640890529701544e-01,7.933223235743338542e-01,6.900691882912672881e-01,4.435515655108455690e-01,5.631637803409842435e-01,4.975497996232113862e-01,4.377612073530461334e-01,6.806137195006887186e-01,5.037206528879668577e-01,4.501141208127856785e-01,5.958386394766203020e-01,5.431157235631125513e-01,6.271028633277423436e-01,0.000000000000000000e+00,3.057730201878406939e-01,5.064943941312824993e-01,4.617042029231320233e-01,5.501147338913972007e-01,4.479371535880580790e-01,9.880293463989887892e-02,1.215056993061600643e-01,3.608232722082561628e-01,3.557464045616742232e-01,0.000000000000000000e+00,2.339831994250483327e-01,1.576849953959827966e-01,3.492056030155761270e-01,4.527906614234974980e-01,1.779209468664580962e-01,5.484797860338808118e-01,1.588103685130414777e-01,4.139515103134556728e-01,0.000000000000000000e+00,3.609864468583544039e-01,0.000000000000000000e+00,3.590312046160214488e-01,0.000000000000000000e+00,5.313838968617020653e-01,5.742792707346882075e-01,3.624184777543624780e-01,2.035829434388166381e-01,7.277203335895430225e-01,8.111508988801442444e-01,7.683326019412399788e-01,8.340492963299548368e-01,6.416927374236057746e-01,7.102700868879898710e-01,6.552744305083179066e-01,7.043177863637132274e-01,3.378324858841854073e-01,3.153181676874055039e-01,4.981287034978401085e-01,7.066715963030815173e-01,6.202180216059028917e-01,6.099685239729780717e-01,5.518368225247720638e-01,7.134219918413359229e-01,4.275431912230218678e-01,6.877754036823429118e-01,3.776722738793742429e-01,6.335457005543801978e-01
4.269820112579753024e-01,2.464330957608562578e-01,2.604809763312699311e-01,2.622783688047437556e-01,2.868994081110715078e-01,2.623813924088271299e-01,3.149747938013738313e-01,2.363336809316195219e-01,3.158966381226154807e-01,3.168613473908096778e-01,3.270757270886661683e-01,3.313337519284557664e-01,3.105857906508973088e-01,1.964541307615301768e-01,3.105907217781592733e-01,3.790958045288824740e-01,0.000000000000000000e+00,6.486986104121181818e-01,3.438388559081343998e-01,4.111153208105676748e-01,2.815173197062791899e-01,1.276253867058678715e-01,2.040001561506103733e-01,2.623915975877216811e-01,3.252739350663057527e-01,2.969266038558747711e-01,2.642783553564892474e-01,2.572365228628644140e-01,5.339424195236056603e-01,4.556430536899774841e-01,4.089865180593477700e-01,3.044344643207658185e-01,4.515280266900291162e-01,4.424071322527704520e-01,3.521574613559805833e-01,3.033092968623343211e-01,3.180824509580178483e-01,2.591068911088399429e-01,2.237450815011657046e-01,3.625064975086585983e-01,4.022388072548503390e-01,2.983438708566276132e-01,0.000000000000000000e+00,1.617743204512093746e-01,3.293535726849366463e-01,2.326274690773336151e-01,2.757092869133581092e-01,2.861867002724590159e-01,0.000000000000000000e+00,0.000000000000000000e+00,1.791539881135213452e-01,1.423945003155192013e-01,0.000000000000000000e+00,0.000000000000000000e+00,1.473625258075537681e-01,2.327565441882864794e-01,4.662862584346922357e-01,2.648987074339520520e-01,3.338037856377945589e-01,1.103467998440795100e-01,2.739609876569028546e-01,0.000000000000000000e+00,4.687082710268301589e-01,0.000000000000000000e+00,2.444255596451968826e-01,0.000000000000000000e+00,3.628022967427799728e-01,3.520980026581588263e-01,3.000677245439632990e-01,1.950854457740209269e-01,5.321947800445527843e-01,4.549430103966327632e-01,5.201993214507298902e-01,4.462620968299935154e-01,3.948841671114251550e-01,4.187431172482028452e-01,4.491636344050915497e-01,4.869997225798766149e-01,4.119363212518462602e-01,2.587871151811423354e-01,6.076798892617780723e-01,5.261775652485677357e-01,3.529926388343289645e-01,3.015051465840310474e-01,3.202280359807827548e-01,3.295259909167659873e-01,3.001335198507414925e-01,3.326289097159382813e-01,2.342440071499909404e-01,2.984142529691750645e-01
