0.000000000000000000e+00,6.270779306156297750e-01,4.629248176205072451e-01,4.713165937171420183e-01,0.000000000000000000e+00,0.000000000000000000e+00,3.033097351567137223e-01,2.794015073806503935e-01,0.000000000000000000e+00,1.951870162420686894e-01,3.148431851559880812e-01,1.476870290148293574e-01,2.186902941702615066e-01,0.000000000000000000e+00,1.026662502900083096e-01,7.764342045531320846e-02,3.443203546432028750e-01,2.564339547347588844e-01,5.607920486642440361e-01,4.170695935637970808e-01,8.814623350142876401e-02,0.000000000000000000e+00,4.246360420509007749e-01,3.242713981631392128e-01,1.344495669838420560e-01,1.006737084151659162e-01,0.000000000000000000e+00,0.000000000000000000e+00,2.749738539644790425e-01,1.393178203986456531e-01,4.782066435517398073e-01,2.592677324072463763e-01,4.977700992675852532e-01,3.894389892744252180e-01,3.320933626956367735e-01,2.999896074954891967e-01,0.000000000000000000e+00,0.000000000000000000e+00,1.674316151114102202e-01,0.000000000000000000e+00,0.000000000000000000e+00,0.000000000000000000e+00,2.943455232427015233e-01,0.000000000000000000e+00,2.153577858284594360e-01,2.044637170930403702e-01,3.129714546801774522e-01,2.921984933217558478e-01,1.268573108664468596e-01,2.156487007512949972e-01,3.666062815993265667e-01,2.220315515343806445e-01,1.445368626083710917e-01,3.844994755212781112e-01,3.967114183313185105e-01,1.183128561183156985e-01,5.018235450528931718e-01,5.388242217299329395e-01,4.570896332192841416e-01,3.725856348084302105e-01,4.467649068494221054e-01,5.147492545779593920e-01,5.472001106513363355e-01,4.717360165641322767e-01,2.747571098898680675e-01,2.606540133370781054e-01,5.729171304618209115e-01,4.237843094374192932e-01,4.285762889898985240e-01,3.027761586439589592e-01,1.204133271805206962e-01,0.000000000000000000e+00,2.586897935356330391e-01,1.513451007978063312e-01,2.321745075631513333e-01,3.201042924710170712e-01,3.214716245093855451e-01,2.959437808288655769e-01,1.055850650375578376e-01,0.000000000000000000e+00,3.758107187883514277e-01,3.322196092030658132e-01,1.673014006461326364e-01,0.000000000000000000e+00,4.657458780202859416e-01,2.143275739192956331e-01,0.000000000000000000e+00,0.000000000000000000e+00,4.181853900774109012e-01,5.498958970137802771e-01
6.270779306156297750e-01,0.000000000000000000e+00,3.988259175781932453e-01,5.473743676537279335e-01,0.000000000000000000e+00,1.611196344663808344e-01,2.416549711899054209e-01,3.739548704409963453e-01,0.000000000000000000e+00,2.750639543287297095e-01,3.376841268392940520e-01,1.678634135158195151e-01,1.683502082304519365e-01,0.000000000000000000e+00,0.000000000000000000e+00,1.014649264179721400e-01,2.470705173278642530e-01,2.667405743450610434e-01,6.114048308436698109e-01,5.654487514101933510e-01,1.211169599019679827e-01,0.000000000000000000e+00,4.398672352950385167e-01,4.798387838742478873e-01,1.023605245969970434e-01,1.153358510531602987e-01,0.000000000000000000e+00,1.075110430537785100e-01,2.742913000329459394e-01,0.000000000000000000e+00,4.801111770822976688e-01,4.186777799742100736e-01,4.943854356313384657e-01,5.270431556623557112e-01,2.819445058561135808e-01,4.364025533654145583e-01,0.000000000000000000e+00,0.000000000000000000e+00,0.000000000000000000e+00,0.000000000000000000e+00,0.000000000000000000e+00,0.000000000000000000e+00,2.146536860966751781e-01,0.000000000000000000e+00,8.335981405110481912e-02,1.863396364875021249e-01,2.092721045921667467e-01,3.097151684137580130e-01,1.450931462597125632e-01,3.047885909628587076e-01,4.418837821126271326e-01,3.576497087455590695e-01,1.273191684170789373e-01,3.791225854224160585e-01,3.187688741237768575e-01,0.000000000000000000e+00,3.761742172252687810e-01,5.109419464420519308e-01,5.110136113670057378e-01,5.478244062497702460e-01,4.918524989553594295e-01,6.454615198747785110e-01,5.583623139245175171e-01,6.023634435494128470e-01,3.133959133051266166e-01,5.581419776946437983e-01,5.631953140050491857e-01,6.137846429402777915e-01,3.227745913109434928e-01,3.223204636954745128e-01,0.000000000000000000e+00,0.000000000000000000e+00,3.739576175224811894e-01,2.478304597718718194e-01,3.696585110040527256e-01,4.668859613002322995e-01,4.493265642380549485e-01,4.758710341615747796e-01,0.000000000000000000e+00,0.000000000000000000e+00,2.531655316791562860e-01,4.187589160434221913e-01,1.649219116124319429e-01,7.432406589777709738e-02,4.804360533969375124e-01,2.699424915453692009e-01,0.000000000000000000e+00,0.000000000000000000e+00,4.294271642347914364e-01,5.864231666156481948e-01
4.629248176205072451e-01,3.988259175781932453e-01,0.000000000000000000e+00,4.739613190194712500e-01,1.693530770991679424e-01,0.000000000000000000e+00,5.122806585558786763e-01,4.136672683516661175e-01,1.385406802668314730e-01,1.699507044902929809e-01,2.941730314702286631e-01,2.976224574232778641e-01,3.156548729709756085e-01,1.904145177217727025e-01,3.113423308627493169e-01,3.124002050318588908e-01,9.661457096467181149e-02,0.000000000000000000e+00,2.298284792838103663e-01,2.249749923908577198e-01,2.725274351356580804e-01,2.294788300993776953e-01,4.033295623733905710e-01,1.822152232854699072e-01,2.056420743417231578e-01,2.376780259931396966e-01,1.154403988252794971e-01,0.000000000000000000e+00,9.092775182290026292e-02,1.737025217820639400e-01,2.568237153464633105e-01,3.169389985021202616e-01,2.061647907130918778e-01,1.775982806272488890e-01,1.794260713416129527e-01,0.000000000000000000e+00,9.522794657221322900e-02,1.847693450161622952e-01,6.447221646284877206e-02,1.224277523534280515e-01,6.505863104295875332e-02,0.000000000000000000e+00,3.088463866873938923e-01,2.642948352604194140e-01,2.788341189050991265e-01,2.170629231296926087e-01,1.621814784560818290e-01,2.164248588955098029e-01,2.910456992727734060e-01,1.296331170716196468e-01,2.857597161413835685e-01,2.590535563480527159e-01,2.030553688074291929e-01,1.183715943160095346e-01,9.211702189030990251e-02,1.468286802854262829e-01,2.892807172576751240e-01,2.143722699191122072e-01,2.230313211507418680e-01,2.526173797219142814e-01,4.055991853989760476e-01,2.414847505201461741e-01,2.519514062845701896e-01,2.857087707532268706e-01,3.760967093605400158e-01,2.552868855517658186e-01,2.977159865825035889e-01,1.587454434266838410e-01,2.283061753087079482e-01,1.114248941744967053e-01,1.793654268874912971e-01,6.696968222079621724e-02,0.000000000000000000e+00,1.313119425991790545e-01,0.000000000000000000e+00,0.000000000000000000e+00,1.457879604618621261e-01,1.381055857837521217e-01,1.346613322999349605e-01,0.000000000000000000e+00,2.414343854006738288e-01,1.257346808546247474e-01,1.879083028956103352e-01,1.371281431510670556e-01,3.795250961939867773e-01,3.502039429797675907e-01,1.324834373519155339e-01,1.969541030498067335e-01,2.993692878801936241e-01,3.659752344051498962e-01
4.713165937171420183e-01,5.473743676537279335e-01,4.739613190194712500e-01,0.000000000000000000e+00,0.000000000000000000e+00,1.930239240758006292e-01,3.744430743467377365e-01,4.286666579933817722e-01,6.775445058899612349e-02,2.090067739084141285e-01,2.603794964829843073e-01,2.704437324590561742e-01,2.085285863005568452e-01,1.145842604297483136e-01,2.374598309420833941e-01,2.984717319381432477e-01,9.231149599679973339e-02,0.000000000000000000e+00,3.391833009458972148e-01,4.227753928902789893e-01,1.107092286467682846e-01,9.725366643137450806e-02,4.543609931981258954e-01,4.222151869096886778e-01,1.715984722896587711e-01,2.192201113322075900e-01,0.000000000000000000e+00,6.974251674962447800e-02,1.783798019118958134e-01,9.688937265530724041e-02,3.845340021740469849e-01,4.032849954616360422e-01,3.177947814763065204e-01,3.703638573909640574e-01,2.340435501751707281e-01,2.138199863777536236e-01,0.000000000000000000e+00,8.975885543940781419e-02,0.000000000000000000e+00,0.000000000000000000e+00,0.000000000000000000e+00,0.000000000000000000e+00,2.869541329346932401e-01,2.325928603777239478e-01,2.475591896910044054e-01,3.361561408014382413e-01,1.163810573590728925e-01,2.919783177892601445e-01,2.447033140847690302e-01,3.503978701833622145e-01,4.418391470550619426e-01,3.690065769557816511e-01,2.363084351033507557e-01,2.113222444308550108e-01,2.080998653328640646e-01,6.557103817411799596e-02,2.148692024347732543e-01,1.929967828333247482e-01,3.490967000937086895e-01,4.238607164833015362e-01,4.413898427282277881e-01,4.670246541608695234e-01,3.762855308618106021e-01,4.700972477213561929e-01,3.160211403583716994e-01,4.629201642907990188e-01,3.548677970913728386e-01,3.828032201435860316e-01,2.161743364769949938e-01,1.511711729797055592e-01,1.617666893323121136e-01,1.220230234194998320e-01,2.936202200390816142e-01,2.307634096133675816e-01,1.801645904091895012e-01,2.045592214546740062e-01,2.712084431732832979e-01,2.956587698742943471e-01,9.099319046617916629e-02,0.000000000000000000e+00,2.229547392746532852e-01,2.461472980419361078e-01,1.663361402950567502e-01,1.685026157191235330e-01,4.529158999776540240e-01,4.461045298925312430e-01,7.535242630511285178e-02,1.170213392305357869e-01,4.160505630205931227e-01,4.819213919798029377e-01
0.000000000000000000e+00,0.000000000000000000e+00,1.693530770991679424e-01,0.000000000000000000e+00,0.000000000000000000e+00,0.000000000000000000e+00,3.466472210405706078e-01,3.329996164715524620e-01,4.391234146251701276e-01,0.000000000000000000e+00,1.375634007780359991e-01,3.279445445283182825e-01,4.502143592294611807e-01,5.130698290384017035e-01,3.381020606175716425e-01,3.239513323951946355e-01,1.803443840898267536e-01,1.635347616320222408e-01,0.000000000000000000e+00,0.000000000000000000e+00,2.022864653387716483e-01,1.379003610716611761e-01,0.000000000000000000e+00,0.000000000000000000e+00,0.000000000000000000e+00,0.000000000000000000e+00,1.958684293165575963e-01,0.000000000000000000e+00,0.000000000000000000e+00,8.814042304639092829e-02,0.000000000000000000e+00,0.000000000000000000e+00,0.000000000000000000e+00,0.000000000000000000e+00,0.000000000000000000e+00,0.000000000000000000e+00,3.867514326439213113e-01,3.429358283406355179e-01,2.460788208376297193e-01,2.759730896260162436e-01,1.544685764638402958e-01,1.511024647012027544e-01,0.000000000000000000e+00,2.493254771345529419e-01,3.562547095970988176e-01,1.582573382971167453e-01,1.603096342597030988e-01,0.000000000000000000e+00,2.125229937800854618e-01,0.000000000000000000e+00,0.000000000000000000e+00,0.000000000000000000e+00,2.005706236934413356e-01,0.000000000000000000e+00,0.000000000000000000e+00,4.314733831426310617e-01,0.000000000000000000e+00,0.000000000000000000e+00,0.000000000000000000e+00,0.000000000000000000e+00,0.000000000000000000e+00,0.000000000000000000e+00,0.000000000000000000e+00,0.000000000000000000e+00,1.862304861030683045e-01,0.000000000000000000e+00,0.000000000000000000e+00,0.000000000000000000e+00,0.000000000000000000e+00,0.000000000000000000e+00,1.455153555397962484e-01,2.443888982614721705e-01,0.000000000000000000e+00,0.000000000000000000e+00,0.000000000000000000e+00,0.000000000000000000e+00,0.000000000000000000e+00,0.000000000000000000e+00,1.434609134070283787e-01,2.299204965669794376e-01,1.894631714851257864e-01,2.271455592380555721e-01,2.602608411249169862e-01,1.158534869999410105e-01,0.000000000000000000e+00,2.216078381434866407e-01,0.000000000000000000e+00,9.791489555613064333e-02,6.595538538514238158e-02,0.000000000000000000e+00
0.000000000000000000e+00,1.611196344663808344e-01,0.000000000000000000e+00,1.930239240758006292e-01,0.000000000000000000e+00,0.000000000000000000e+00,0.000000000000000000e+00,0.000000000000000000e+00,0.000000000000000000e+00,1.388134891635208756e-01,0.000000000000000000e+00,0.000000000000000000e+00,0.000000000000000000e+00,0.000000000000000000e+00,0.000000000000000000e+00,8.087321767420094232e-02,0.000000000000000000e+00,0.000000000000000000e+00,1.075569335639082608e-01,1.606636738688212163e-01,0.000000000000000000e+00,0.000000000000000000e+00,1.205366440763471908e-01,1.960603640852301988e-01,0.000000000000000000e+00,0.000000000000000000e+00,0.000000000000000000e+00,2.621928778373383562e-01,0.000000000000000000e+00,0.000000000000000000e+00,0.000000000000000000e+00,1.894228458970574069e-01,0.000000000000000000e+00,8.365838171872103102e-02,1.250246201419027980e-01,2.040021860113951091e-01,0.000000000000000000e+00,0.000000000000000000e+00,0.000000000000000000e+00,0.000000000000000000e+00,0.000000000000000000e+00,0.000000000000000000e+00,0.000000000000000000e+00,0.000000000000000000e+00,0.000000000000000000e+00,8.268858803195536233e-02,0.000000000000000000e+00,9.060605793031679955e-02,0.000000000000000000e+00,8.987921736487275437e-02,1.165126290174919726e-01,1.461857315701361737e-01,0.000000000000000000e+00,7.541202529056188764e-02,0.000000000000000000e+00,0.000000000000000000e+00,0.000000000000000000e+00,0.000000000000000000e+00,1.336674778739090075e-01,1.485242259706179013e-01,0.000000000000000000e+00,9.150227146986389393e-02,9.169195718177472476e-02,6.012932159700837970e-02,1.085785354010280618e-01,2.756524655073482877e-01,1.497366965814024287e-01,1.995085335533771653e-01,0.000000000000000000e+00,1.408920174904796374e-01,0.000000000000000000e+00,0.000000000000000000e+00,2.032303032464571890e-01,9.828680514356701037e-02,1.984158410907994052e-01,1.642016542810992297e-01,2.420326507364259361e-01,2.612145230878243352e-01,0.000000000000000000e+00,0.000000000000000000e+00,0.000000000000000000e+00,2.037207524370761302e-01,0.000000000000000000e+00,1.586087884118139169e-01,0.000000000000000000e+00,0.000000000000000000e+00,0.000000000000000000e+00,0.000000000000000000e+00,0.000000000000000000e+00,0.000000000000000000e+00
3.033097351567137223e-01,2.416549711899054209e-01,5.122806585558786763e-01,3.744430743467377365e-01,3.466472210405706078e-01,0.000000000000000000e+00,0.000000000000000000e+00,6.726887587432317517e-01,5.085908020250285988e-01,0.000000000000000000e+00,3.716013122844007976e-01,6.587015341414460545e-01,6.877138328671779099e-01,6.625848472847583048e-01,5.309264145442161853e-01,5.232879768071537763e-01,1.178378884475383415e-01,9.913649139081487371e-02,0.000000000000000000e+00,0.000000000000000000e+00,3.549762441325388096e-01,4.027241107807509324e-01,3.535706344823399405e-01,9.954302122182311086e-02,1.717166118087906923e-01,1.397960545828465240e-01,2.257869448774131038e-01,0.000000000000000000e+00,0.000000000000000000e+00,3.409444701950792855e-01,0.000000000000000000e+00,2.718445972203660244e-01,0.000000000000000000e+00,0.000000000000000000e+00,1.350509812116948150e-01,0.000000000000000000e+00,3.120577651359998095e-01,4.876359540110045687e-01,0.000000000000000000e+00,4.289991794398058111e-01,2.101597422871528675e-01,2.121705672021868272e-01,2.768996065216981495e-01,5.319895356104078488e-01,4.988121041813358691e-01,3.584665194783881459e-01,1.723202233630003188e-01,1.249063535754095233e-01,4.863423901684224560e-01,8.042459123730245907e-02,2.160802407983700435e-01,2.712167320986738073e-01,3.537696212006533614e-01,0.000000000000000000e+00,0.000000000000000000e+00,4.074615794310941785e-01,2.314876318475792560e-01,0.000000000000000000e+00,0.000000000000000000e+00,0.000000000000000000e+00,2.799029792382082271e-01,0.000000000000000000e+00,1.487584119594041743e-01,0.000000000000000000e+00,5.267628445929625203e-01,2.794171707660313420e-01,0.000000000000000000e+00,0.000000000000000000e+00,8.254495926026647612e-02,0.000000000000000000e+00,2.260882703887186207e-01,3.433127932315964692e-01,0.000000000000000000e+00,0.000000000000000000e+00,0.000000000000000000e+00,0.000000000000000000e+00,0.000000000000000000e+00,0.000000000000000000e+00,3.379324882070692260e-01,0.000000000000000000e+00,2.163829707403913671e-01,2.049789926676470198e-01,3.391075112951033033e-01,1.850342689239833360e-01,2.920236954043726185e-01,5.905026076897281762e-01,0.000000000000000000e+00,3.337056908806340649e-01,2.356557073148957959e-01,1.341152560891006040e-01
2.794015073806503935e-01,3.739548704409963453e-01,4.136672683516661175e-01,4.286666579933817722e-01,3.329996164715524620e-01,0.000000000000000000e+00,6.726887587432317517e-01,0.000000000000000000e+00,3.578199057412481121e-01,0.000000000000000000e+00,2.897684105685116585e-01,5.769845790785887996e-01,5.814805231439568178e-01,5.533820930719935971e-01,4.360975391061711059e-01,4.376094988068688352e-01,2.177641729541825444e-01,1.884221806734483196e-01,0.000000000000000000e+00,1.837866329126566500e-01,4.053303871515239187e-01,3.217117189042157932e-01,3.559123474194432202e-01,2.639819000827089424e-01,1.202261482461509656e-01,1.231152618092637152e-01,1.850424988100604906e-01,0.000000000000000000e+00,9.595300345325155633e-02,2.938481552001439012e-01,7.073115945339074340e-02,2.923159352180245696e-01,0.000000000000000000e+00,0.000000000000000000e+00,1.242469253895974596e-01,0.000000000000000000e+00,2.733835428623032082e-01,3.316436361805685795e-01,1.244336223240017358e-01,2.788101348886359299e-01,1.651855941621319657e-01,1.716349855816832193e-01,2.184012911261368761e-01,4.989657386085302182e-01,5.234399873185318075e-01,5.045831467384501723e-01,8.529574246062245069e-02,1.188674809947879996e-01,5.107744927947858171e-01,2.897191933324960722e-01,2.850591220457246444e-01,3.864151784416695046e-01,3.689288259025836347e-01,0.000000000000000000e+00,0.000000000000000000e+00,4.008545952983557648e-01,1.535482847875095647e-01,0.000000000000000000e+00,0.000000000000000000e+00,1.106783815083794698e-01,3.091802057640733459e-01,1.118590379152011038e-01,2.463763939394972569e-01,1.505011640144996443e-01,4.693601907427977227e-01,4.235419336254053757e-01,0.000000000000000000e+00,0.000000000000000000e+00,8.704159115208084940e-02,0.000000000000000000e+00,2.080889326906302239e-01,3.540507579733951915e-01,0.000000000000000000e+00,1.266010618801125254e-01,0.000000000000000000e+00,0.000000000000000000e+00,0.000000000000000000e+00,0.000000000000000000e+00,2.498797888837822057e-01,7.634705441015335325e-02,2.689752347086114548e-01,2.620978603290854414e-01,2.993669993183674660e-01,1.876684870788993820e-01,3.437828825174891190e-01,6.520067890745604444e-01,0.000000000000000000e+00,2.402974263633458063e-01,2.800194219791664607e-01,2.032988850318176444e-01
0.000000000000000000e+00,0.000000000000000000e+00,1.385406802668314730e-01,6.775445058899612349e-02,4.391234146251701276e-01,0.000000000000000000e+00,5.085908020250285988e-01,3.578199057412481121e-01,0.000000000000000000e+00,0.000000000000000000e+00,2.095587115054874383e-01,5.235055985848492410e-01,5.857972144711471874e-01,6.126371438354707433e-01,4.183136421288976559e-01,3.984951023481476673e-01,7.308595069881680673e-02,9.029677307361200223e-02,0.000000000000000000e+00,0.000000000000000000e+00,2.748262854471735794e-01,2.840070964069141279e-01,9.568363315595611318e-02,0.000000000000000000e+00,0.000000000000000000e+00,0.000000000000000000e+00,2.557008023631786586e-01,9.806529221968582344e-02,0.000000000000000000e+00,1.970282150414539024e-01,0.000000000000000000e+00,0.000000000000000000e+00,0.000000000000000000e+00,0.000000000000000000e+00,0.000000000000000000e+00,0.000000000000000000e+00,3.737749111004700087e-01,4.497142853604156332e-01,0.000000000000000000e+00,3.683549292688843568e-01,1.861669145599244291e-01,2.503823316836899515e-01,0.000000000000000000e+00,3.895028337926715323e-01,3.745115550903558299e-01,1.548501655414313560e-01,6.285827498935919744e-02,0.000000000000000000e+00,3.156132343779574634e-01,0.000000000000000000e+00,0.000000000000000000e+00,0.000000000000000000e+00,2.527552080188510408e-01,0.000000000000000000e+00,0.000000000000000000e+00,3.112936679502314452e-01,0.000000000000000000e+00,0.000000000000000000e+00,0.000000000000000000e+00,0.000000000000000000e+00,0.000000000000000000e+00,0.000000000000000000e+00,0.000000000000000000e+00,0.000000000000000000e+00,3.331484670907230994e-01,0.000000000000000000e+00,0.000000000000000000e+00,0.000000000000000000e+00,0.000000000000000000e+00,0.000000000000000000e+00,1.504642668377207670e-01,3.367611126669722288e-01,0.000000000000000000e+00,0.000000000000000000e+00,0.000000000000000000e+00,0.000000000000000000e+00,0.000000000000000000e+00,0.000000000000000000e+00,3.683206276179313288e-01,7.201342244556052652e-02,5.936891034247507304e-02,1.425815368110834036e-01,2.565398326977916255e-01,2.092451981259320914e-01,0.000000000000000000e+00,3.626121116571032199e-01,8.085611427855428357e-02,2.565983963537239454e-01,0.000000000000000000e+00,0.000000000000000000e+00
1.951870162420686894e-01,2.750639543287297095e-01,1.699507044902929809e-01,2.090067739084141285e-01,0.000000000000000000e+00,1.388134891635208756e-01,0.000000000000000000e+00,0.000000000000000000e+00,0.000000000000000000e+00,0.000000000000000000e+00,1.286464866767746962e-01,0.000000000000000000e+00,0.000000000000000000e+00,0.000000000000000000e+00,0.000000000000000000e+00,0.000000000000000000e+00,0.000000000000000000e+00,0.000000000000000000e+00,2.430214787020946177e-01,1.311220941698789666e-01,0.000000000000000000e+00,0.000000000000000000e+00,2.286111763714691325e-01,2.088651177321510788e-01,6.234922575390668131e-02,0.000000000000000000e+00,0.000000000000000000e+00,9.280662002540053523e-02,0.000000000000000000e+00,0.000000000000000000e+00,2.177080657378034634e-01,1.549144741769757638e-01,2.199470328552428078e-01,1.896575961414213030e-01,1.005362431141189894e-01,2.611417202369243906e-01,0.000000000000000000e+00,0.000000000000000000e+00,0.000000000000000000e+00,0.000000000000000000e+00,0.000000000000000000e+00,0.000000000000000000e+00,1.280643364625173863e-01,0.000000000000000000e+00,0.000000000000000000e+00,0.000000000000000000e+00,1.470922911662692623e-01,2.883002209923214987e-01,0.000000000000000000e+00,1.061759375993539117e-01,2.104905833692352624e-01,1.392810832259930853e-01,0.000000000000000000e+00,2.605504333005729811e-01,1.577118358779079077e-01,0.000000000000000000e+00,0.000000000000000000e+00,1.669949943892009292e-01,2.198443586945952322e-01,2.758130879625235732e-01,1.758820793687361217e-01,3.163282821943019241e-01,1.900355088101458312e-01,2.930464297176083033e-01,8.500443337084530315e-02,1.702944458885677359e-01,2.832752355035320635e-01,2.648082153070508982e-01,0.000000000000000000e+00,9.025941173831641962e-02,0.000000000000000000e+00,0.000000000000000000e+00,2.378916745738632321e-01,1.263081451299581104e-01,2.581169666101321147e-01,2.685554667671175011e-01,2.525465261877816725e-01,3.048917852922657379e-01,0.000000000000000000e+00,0.000000000000000000e+00,0.000000000000000000e+00,2.193983151601978654e-01,0.000000000000000000e+00,0.000000000000000000e+00,1.841297473930851025e-01,0.000000000000000000e+00,0.000000000000000000e+00,0.000000000000000000e+00,1.376314496197823534e-01,2.644997865137144188e-01
3.148431851559880812e-01,3.376841268392940520e-01,2.941730314702286631e-01,2.603794964829843073e-01,1.375634007780359991e-01,0.000000000000000000e+00,3.716013122844007976e-01,2.897684105685116585e-01,2.095587115054874383e-01,1.286464866767746962e-01,0.000000000000000000e+00,3.162589105610250084e-01,3.952025700421632481e-01,2.407031944286334157e-01,2.711070908249482714e-01,3.350266048401055463e-01,1.376823352346971951e-01,9.183588283782798123e-02,2.134573799843915154e-01,2.154786262183505940e-01,2.018107733018066896e-01,1.470447378915183956e-01,3.219744322577662854e-01,2.111544247898399507e-01,2.207664137186928499e-01,1.710168950343077809e-01,1.051722410252533546e-01,0.000000000000000000e+00,2.755978980304681913e-01,2.355470243891882587e-01,2.323697249770179107e-01,3.184210388614465148e-01,1.522657095685865658e-01,1.465058847278213061e-01,2.468942494781569685e-01,0.000000000000000000e+00,1.421445723354336499e-01,2.049476050527704596e-01,8.686112309579124835e-02,1.301361605033613533e-01,1.173661141475563774e-01,1.444167793722183624e-01,1.846287715095606963e-01,1.714570555366618509e-01,2.493195318734619526e-01,1.880297765761974327e-01,1.094062993261108035e-01,1.148101106808294969e-01,1.861900676122793807e-01,1.247312538407054916e-01,2.617408262210653702e-01,2.531178593506662744e-01,8.016901611437822484e-02,1.296054986237459572e-01,7.232715819252674705e-02,7.222018966793671002e-02,2.320377200634568537e-01,1.204202780882935170e-01,1.939835994690992660e-01,1.774186595702240687e-01,2.833225762880178800e-01,2.273941066813148781e-01,2.796181732667362141e-01,2.183284512426079682e-01,2.634036850158175125e-01,2.053733515860744485e-01,2.207786349587111674e-01,1.327134543607960959e-01,8.252065011594204857e-02,0.000000000000000000e+00,1.085664087495689378e-01,9.046185083046986986e-02,1.196108888455780367e-01,1.244085107267025592e-01,6.123147197098342820e-02,7.834831169179982957e-02,1.138570163808383107e-01,1.313674801228571498e-01,2.452650188019424859e-01,0.000000000000000000e+00,2.917390594915932334e-01,1.964877177476258840e-01,2.751643169350975748e-01,2.053028881669775874e-01,3.535486513328188751e-01,3.257092432546664917e-01,0.000000000000000000e+00,1.036602177700592653e-01,2.514950055301344300e-01,2.244743149128705928e-01
1.476870290148293574e-01,1.678634135158195151e-01,2.976224574232778641e-01,2.704437324590561742e-01,3.279445445283182825e-01,0.000000000000000000e+00,6.587015341414460545e-01,5.769845790785887996e-01,5.235055985848492410e-01,0.000000000000000000e+00,3.162589105610250084e-01,0.000000000000000000e+00,5.665564077972108370e-01,6.354102200925239030e-01,5.175537343978146021e-01,5.333791885032020952e-01,1.293955200265480832e-01,8.546038232335198548e-02,0.000000000000000000e+00,0.000000000000000000e+00,3.268098037047513782e-01,4.504986649100624074e-01,2.584520375361828992e-01,0.000000000000000000e+00,1.556606093448844041e-01,2.348259058852275316e-01,2.506973270342325866e-01,0.000000000000000000e+00,0.000000000000000000e+00,4.367568701107090723e-01,0.000000000000000000e+00,2.416874591357587032e-01,0.000000000000000000e+00,0.000000000000000000e+00,0.000000000000000000e+00,0.000000000000000000e+00,3.197796490243746126e-01,4.953550890152361719e-01,1.009131546795289658e-01,3.783439481014300720e-01,3.143559778521199943e-01,2.132611480402713255e-01,1.401686824863636605e-01,5.207347022818538118e-01,3.821766252368046235e-01,2.945933294432807048e-01,0.000000000000000000e+00,0.000000000000000000e+00,3.178915963313482251e-01,0.000000000000000000e+00,6.905348375733144639e-02,1.597239305858124125e-01,2.972729302746364155e-01,0.000000000000000000e+00,0.000000000000000000e+00,3.505544859116038747e-01,1.686526970627442168e-01,0.000000000000000000e+00,0.000000000000000000e+00,0.000000000000000000e+00,1.662459789122599507e-01,0.000000000000000000e+00,9.299657160997489014e-02,0.000000000000000000e+00,3.171129102288310353e-01,2.367314011989594957e-01,0.000000000000000000e+00,0.000000000000000000e+00,0.000000000000000000e+00,0.000000000000000000e+00,1.888648306407120225e-01,3.004461084431933049e-01,0.000000000000000000e+00,8.252609130584470654e-02,0.000000000000000000e+00,0.000000000000000000e+00,0.000000000000000000e+00,0.000000000000000000e+00,3.294858340925448381e-01,1.321237677727264137e-01,1.860639933770958376e-01,7.538115009760787411e-02,3.289611161959771768e-01,2.410698394281507173e-01,1.754273811313965259e-01,5.777338571767774988e-01,0.000000000000000000e+00,3.365646812560796342e-01,0.000000000000000000e+00,0.000000000000000000e+00
2.186902941702615066e-01,1.683502082304519365e-01,3.156548729709756085e-01,2.085285863005568452e-01,4.502143592294611807e-01,0.000000000000000000e+00,6.877138328671779099e-01,5.814805231439568178e-01,5.857972144711471874e-01,0.000000000000000000e+00,3.952025700421632481e-01,5.665564077972108370e-01,0.000000000000000000e+00,6.519612352570175462e-01,5.084518405781019990e-01,4.409777253968973354e-01,2.112701212923299710e-01,1.889285936128523302e-01,0.000000000000000000e+00,0.000000000000000000e+00,3.717577130057871382e-01,3.468413862919151880e-01,2.320560388254485074e-01,9.915536979003129747e-02,1.854872329515321050e-01,0.000000000000000000e+00,2.463934282375605522e-01,1.208293952611994987e-01,0.000000000000000000e+00,2.962099221815077676e-01,0.000000000000000000e+00,1.629534936931143208e-01,0.000000000000000000e+00,0.000000000000000000e+00,1.392258359913710331e-01,0.000000000000000000e+00,3.634726157240930622e-01,4.046338373167466251e-01,7.753566559445099204e-02,3.165084818675240053e-01,2.315705909842221133e-01,1.936946589467168911e-01,2.011425847044635562e-01,4.443815025078151626e-01,5.170948920324759390e-01,3.056172667176795255e-01,1.272862385725283541e-01,6.031269269852292114e-02,4.288582067106041507e-01,0.000000000000000000e+00,1.625413932578908816e-01,1.968168432599764206e-01,3.552655796141090949e-01,0.000000000000000000e+00,0.000000000000000000e+00,3.610249867494172982e-01,2.096115426446996666e-01,0.000000000000000000e+00,0.000000000000000000e+00,0.000000000000000000e+00,2.545757346648863106e-01,0.000000000000000000e+00,2.289714463752604290e-01,0.000000000000000000e+00,5.717572452173709241e-01,1.825271073882170636e-01,0.000000000000000000e+00,0.000000000000000000e+00,0.000000000000000000e+00,0.000000000000000000e+00,1.640805307460350970e-01,4.228854977399115755e-01,0.000000000000000000e+00,0.000000000000000000e+00,0.000000000000000000e+00,0.000000000000000000e+00,0.000000000000000000e+00,0.000000000000000000e+00,3.941868585812872694e-01,0.000000000000000000e+00,2.160802403672412719e-01,2.630256441133028700e-01,3.325391249929404158e-01,2.376245335569792672e-01,3.027513958627767732e-01,5.289877534793261393e-01,7.360980557480255315e-02,3.187981942942252345e-01,2.254635391460098892e-01,0.000000000000000000e+00
0.000000000000000000e+00,0.000000000000000000e+00,1.904145177217727025e-01,1.145842604297483136e-01,5.130698290384017035e-01,0.000000000000000000e+00,6.625848472847583048e-01,5.533820930719935971e-01,6.126371438354707433e-01,0.000000000000000000e+00,2.407031944286334157e-01,6.354102200925239030e-01,6.519612352570175462e-01,0.000000000000000000e+00,5.195514838344624797e-01,5.026626918415390000e-01,1.631426907936602833e-01,1.906204188944113365e-01,0.000000000000000000e+00,0.000000000000000000e+00,3.641139529071061864e-01,4.497968815823781830e-01,8.857789008928206032e-02,0.000000000000000000e+00,6.504128194751197800e-02,0.000000000000000000e+00,3.202694653941828840e-01,0.000000000000000000e+00,0.000000000000000000e+00,4.003944896832363765e-01,0.000000000000000000e+00,0.000000000000000000e+00,0.000000000000000000e+00,0.000000000000000000e+00,0.000000000000000000e+00,0.000000000000000000e+00,4.796224118265424163e-01,5.451348213805203846e-01,1.442697917953707221e-01,4.057485858100566278e-01,2.932828694940158853e-01,2.369790598710660723e-01,0.000000000000000000e+00,4.832282113391265232e-01,4.734283610436266221e-01,2.638369052801257109e-01,0.000000000000000000e+00,0.000000000000000000e+00,3.919388174080720710e-01,0.000000000000000000e+00,0.000000000000000000e+00,0.000000000000000000e+00,3.710721333540087929e-01,0.000000000000000000e+00,0.000000000000000000e+00,4.864425499080307080e-01,5.950585389331709135e-02,0.000000000000000000e+00,0.000000000000000000e+00,0.000000000000000000e+00,0.000000000000000000e+00,0.000000000000000000e+00,0.000000000000000000e+00,0.000000000000000000e+00,2.958481887499915808e-01,0.000000000000000000e+00,0.000000000000000000e+00,0.000000000000000000e+00,0.000000000000000000e+00,0.000000000000000000e+00,2.635277740160295590e-01,4.540155503751557853e-01,0.000000000000000000e+00,0.000000000000000000e+00,0.000000000000000000e+00,0.000000000000000000e+00,0.000000000000000000e+00,0.000000000000000000e+00,3.697524693379034555e-01,2.504676216730526428e-01,2.089057007439141522e-01,1.239476426816221444e-01,3.096974502648566219e-01,1.807833907401781293e-01,0.000000000000000000e+00,5.236918596669603021e-01,8.463051523405394627e-02,3.532988454781325616e-01,0.000000000000000000e+00,0.000000000000000000e+00
1.026662502900083096e-01,0.000000000000000000e+00,3.113423308627493169e-01,2.374598309420833941e-01,3.381020606175716425e-01,0.000000000000000000e+00,5.309264145442161853e-01,4.360975391061711059e-01,4.183136421288976559e-01,0.000000000000000000e+00,2.711070908249482714e-01,5.175537343978146021e-01,5.084518405781019990e-01,5.195514838344624797e-01,0.000000000000000000e+00,5.651784417107210690e-01,0.000000000000000000e+00,0.000000000000000000e+00,0.000000000000000000e+00,0.000000000000000000e+00,3.936340631294319992e-01,4.180258065371542098e-01,2.580131875603621228e-01,0.000000000000000000e+00,2.570921517999980588e-01,2.004488727313120111e-01,2.296567220217324012e-01,1.476222818829177053e-01,0.000000000000000000e+00,3.034114268641519563e-01,0.000000000000000000e+00,2.783622061881346199e-01,0.000000000000000000e+00,0.000000000000000000e+00,1.151016290712024437e-01,0.000000000000000000e+00,2.623317423465248432e-01,3.597543210599598584e-01,0.000000000000000000e+00,2.773602196796785546e-01,3.021099412412601715e-01,1.437547205892439062e-01,2.530052021221578795e-01,4.491970907620028153e-01,3.026353470124656386e-01,1.438394755264957303e-01,7.758374406358600761e-02,9.878021873194017810e-02,2.363279107331285045e-01,0.000000000000000000e+00,1.272709589827340226e-01,7.876033803906437591e-02,1.839064797750627200e-01,0.000000000000000000e+00,0.000000000000000000e+00,1.945614657632993849e-01,1.247921817629814162e-01,0.000000000000000000e+00,0.000000000000000000e+00,0.000000000000000000e+00,2.024330656122611261e-01,0.000000000000000000e+00,0.000000000000000000e+00,0.000000000000000000e+00,3.585999070017386048e-01,1.454496161339895732e-01,0.000000000000000000e+00,0.000000000000000000e+00,0.000000000000000000e+00,0.000000000000000000e+00,1.722471177429354128e-01,2.459464861167338645e-01,0.000000000000000000e+00,0.000000000000000000e+00,0.000000000000000000e+00,0.000000000000000000e+00,0.000000000000000000e+00,0.000000000000000000e+00,3.288852304218389810e-01,0.000000000000000000e+00,1.702571722734768644e-01,0.000000000000000000e+00,2.916321330748091745e-01,2.042101263971588532e-01,2.532512039189426800e-01,4.040590227081201080e-01,9.273185347372273069e-02,3.751283848888380956e-01,1.036129839064013208e-01,7.422560201536627933e-02
7.764342045531320846e-02,1.014649264179721400e-01,3.124002050318588908e-01,2.984717319381432477e-01,3.239513323951946355e-01,8.087321767420094232e-02,5.232879768071537763e-01,4.376094988068688352e-01,3.984951023481476673e-01,0.000000000000000000e+00,3.350266048401055463e-01,5.333791885032020952e-01,4.409777253968973354e-01,5.026626918415390000e-01,5.651784417107210690e-01,0.000000000000000000e+00,0.000000000000000000e+00,0.000000000000000000e+00,0.000000000000000000e+00,0.000000000000000000e+00,4.205216475595956460e-01,5.225122083834065068e-01,2.380764317694808729e-01,9.406300323148443498e-02,3.132872615896710733e-01,2.950855949969449776e-01,3.074473872568267430e-01,2.263173720612182138e-01,0.000000000000000000e+00,3.181755946899882947e-01,7.646620338281102935e-02,3.325203271993418253e-01,0.000000000000000000e+00,0.000000000000000000e+00,1.592626185801252481e-01,0.000000000000000000e+00,1.499084788917876832e-01,3.956700184352662797e-01,0.000000000000000000e+00,2.962420899766385340e-01,3.000855953998796122e-01,2.175171722207981106e-01,2.025300388752981351e-01,4.807988689671814919e-01,3.870262130614934293e-01,1.787017687707897207e-01,0.000000000000000000e+00,0.000000000000000000e+00,2.613048782925467273e-01,0.000000000000000000e+00,2.003726937998806523e-01,1.784478903799277816e-01,1.724376638787397664e-01,0.000000000000000000e+00,0.000000000000000000e+00,1.308799558354699910e-01,6.786916261906641989e-02,0.000000000000000000e+00,0.000000000000000000e+00,0.000000000000000000e+00,2.260013228528318652e-01,0.000000000000000000e+00,0.000000000000000000e+00,6.232183958705661553e-02,3.058294870351010442e-01,2.371054852715366312e-01,0.000000000000000000e+00,0.000000000000000000e+00,0.000000000000000000e+00,0.000000000000000000e+00,2.212037248352303753e-01,2.885669949046245630e-01,0.000000000000000000e+00,5.896099585746153449e-02,0.000000000000000000e+00,0.000000000000000000e+00,0.000000000000000000e+00,0.000000000000000000e+00,3.069483568391440653e-01,0.000000000000000000e+00,1.130932045045975332e-01,0.000000000000000000e+00,2.325705241672324786e-01,3.721300874510165002e-01,2.269639374380017782e-01,4.744559933586428024e-01,0.000000000000000000e+00,3.687931526122499859e-01,1.145400205336980504e-01,0.000000000000000000e+00
3.443203546432028750e-01,2.470705173278642530e-01,9.661457096467181149e-02,9.231149599679973339e-02,1.803443840898267536e-01,0.000000000000000000e+00,1.178378884475383415e-01,2.177641729541825444e-01,7.308595069881680673e-02,0.000000000000000000e+00,1.376823352346971951e-01,1.293955200265480832e-01,2.112701212923299710e-01,1.631426907936602833e-01,0.000000000000000000e+00,0.000000000000000000e+00,0.000000000000000000e+00,4.902120661080898723e-01,2.482142130889335996e-01,2.327070072560337710e-01,1.221743284581515154e-01,0.000000000000000000e+00,1.241426712125046489e-01,1.214106056311365645e-01,0.000000000000000000e+00,0.000000000000000000e+00,2.473325715130517133e-01,0.000000000000000000e+00,3.505645882766308397e-01,1.807683885645545996e-01,1.179789846106361617e-01,0.000000000000000000e+00,1.808169073085783840e-01,0.000000000000000000e+00,1.034808047160958450e-01,0.000000000000000000e+00,3.098477867496350902e-01,1.125769206570868403e-01,3.539100631552118958e-01,7.873694483026852375e-02,0.000000000000000000e+00,0.000000000000000000e+00,0.000000000000000000e+00,0.000000000000000000e+00,3.087034445801162263e-01,8.915134569386107266e-02,1.696009170567354674e-01,0.000000000000000000e+00,9.706974255391732920e-02,6.577506817450612386e-02,0.000000000000000000e+00,0.000000000000000000e+00,1.931508925551959632e-01,6.936126850047397152e-02,2.219423770112021743e-01,3.169944311368484979e-01,4.122403484655687844e-01,3.163196239943203980e-01,0.000000000000000000e+00,0.000000000000000000e+00,1.578165512948672966e-01,8.607905998959713978e-02,3.957139575076403792e-01,7.688947026124559603e-02,0.000000000000000000e+00,0.000000000000000000e+00,1.354578162370640160e-01,0.000000000000000000e+00,1.194246872007489330e-01,0.000000000000000000e+00,1.217894333587888761e-01,1.227877700523139909e-01,1.483790015803927720e-01,0.000000000000000000e+00,6.874880153822857110e-02,0.000000000000000000e+00,8.064597632198562682e-02,1.170212637383876014e-01,0.000000000000000000e+00,4.464119105040441626e-01,5.738302710882957625e-01,3.335436099107406682e-01,1.218296924346950194e-01,0.000000000000000000e+00,2.134472794107431515e-01,1.663397158298772494e-01,0.000000000000000000e+00,0.000000000000000000e+00,2.366006259750855767e-01,7.011863116872929513e-02
