0.000000000000000000e+00,7.097697119549390976e-01,4.827394049528899722e-01,3.683544657164886660e-01,0.000000000000000000e+00,0.000000000000000000e+00,5.876110678993153869e-01,5.210264132850894736e-01,0.000000000000000000e+00,8.719073785532510668e-02,1.096678548237396411e-01,3.600182447214215764e-01,1.540096521820893405e-01,1.299702158623194381e-01,4.415096068042438371e-01,1.547914976087670647e-01,2.843113757994530921e-01,8.854561131152148545e-02,5.976588891285533611e-01,6.135548559392057788e-01,2.762793713891658620e-01,0.000000000000000000e+00,3.026228911932303256e-01,7.737652954374947545e-02,4.212784054019844682e-01,4.229172348699787309e-01,1.393570809897369256e-01,1.220488180859675142e-01,3.199338355590420346e-01,2.781967394840231256e-01,4.004331340356828695e-01,3.612905768911350290e-01,6.092923079202018366e-01,6.055795317271964739e-01,8.275525644645061185e-02,0.000000000000000000e+00,3.331981621369000113e-01,3.922005570225161608e-01,3.200603737399490556e-01,4.098391473135378771e-01,2.310091450554766224e-01,4.320301410184388957e-01,4.668377047920858613e-01,2.885486245377969494e-01,4.249067114023705183e-01,2.643853508143215736e-01,3.905475684127285851e-01,2.948954008549781181e-01,4.072962783648644280e-01,1.453592734488964588e-01,5.617117404051895635e-01,2.738622073821752045e-01,3.474970937222209844e-01,4.657543432881370848e-01,5.038185680732699678e-01,4.349235300186800601e-01,6.934107888980610701e-01,5.140051221409601689e-01,6.339714086500523038e-01,5.624481900375587484e-01,7.023982269711033233e-01,6.321022375360544343e-01,5.305066336383642556e-01,7.009835871093655912e-01,5.628513394511501788e-01,5.679462823818147710e-01,6.615360439065273157e-01,6.127569229247653571e-01,2.510422445308435058e-01,4.468285976751636968e-01,2.356192491719671378e-01,2.973534427226949828e-01,2.214821264399290390e-01,1.705684872947215991e-01,0.000000000000000000e+00,0.000000000000000000e+00,2.191425654933474854e-01,1.215284162943135321e-01,0.000000000000000000e+00,0.000000000000000000e+00,2.834748739566851916e-01,4.867623307007992728e-01,3.402921221677128183e-01,0.000000000000000000e+00,6.363962141037714515e-01,5.584912232115749608e-01,2.047105476967853444e-01,1.759020350987506864e-01,4.327330481875485968e-01,4.533802512043944022e-01
7.097697119549390976e-01,0.000000000000000000e+00,2.751543360762870316e-01,1.582743149850876774e-01,0.000000000000000000e+00,0.000000000000000000e+00,3.379916742799833340e-01,2.734101846352781640e-01,0.000000000000000000e+00,1.493157416103759738e-01,0.000000000000000000e+00,3.415814443534221923e-01,8.564120826148310939e-02,1.552755350184181204e-01,3.329253876414401958e-01,1.245771928144609880e-01,1.252077963225302626e-01,1.143716812683805706e-01,5.702327349890201624e-01,5.821227991635493648e-01,1.463294430589510975e-01,0.000000000000000000e+00,0.000000000000000000e+00,0.000000000000000000e+00,2.979250211073714016e-01,2.888477096589578963e-01,0.000000000000000000e+00,0.000000000000000000e+00,2.389177601587655630e-01,2.298702080596073116e-01,2.718385706357931419e-01,2.412355322192673845e-01,4.736268238292148380e-01,4.409031659336554720e-01,0.000000000000000000e+00,0.000000000000000000e+00,3.249263965062298420e-01,3.830336139831459485e-01,1.656869637404426165e-01,3.391830096561298524e-01,2.694138538157245244e-01,4.186567338066416455e-01,3.996917846431540799e-01,2.246108719084785599e-01,3.601887609051557804e-01,2.348923349375372505e-01,3.492560370963512795e-01,2.525549230649760668e-01,3.829340673414383112e-01,1.799594233184775849e-01,4.448699067268178098e-01,2.150459044389771424e-01,2.612287703802415595e-01,3.658225939092328849e-01,3.624527280704011312e-01,3.576058750659907859e-01,6.351351114327860037e-01,6.904926498918035893e-01,4.663636312581205812e-01,4.732158545016210693e-01,5.094355249612283476e-01,4.985417939143421684e-01,3.021518758791102988e-01,5.269254630423148011e-01,3.488586147666051240e-01,3.933227210457692080e-01,4.756182425209796172e-01,5.132786254725779651e-01,3.240877470952658879e-01,4.842994171979630447e-01,6.827169092636939385e-02,1.412219982085904380e-01,8.054197326086724729e-02,1.006172186295131582e-01,0.000000000000000000e+00,6.797144861748939670e-02,1.617401694229056164e-01,6.003122015077087120e-02,0.000000000000000000e+00,9.844024685582895839e-02,1.887976732158364312e-01,3.791976087264506412e-01,1.965340539008116616e-01,0.000000000000000000e+00,4.905126621905463447e-01,4.240754339355665703e-01,0.000000000000000000e+00,9.877689436696131253e-02,2.944883520589277603e-01,3.959870794557627249e-01
4.827394049528899722e-01,2.751543360762870316e-01,0.000000000000000000e+00,4.781805896272960377e-01,1.541646425519499208e-01,3.606153002971593802e-01,7.510095805713276063e-01,7.085042947037444305e-01,1.848810382441141154e-01,1.879219932361078649e-01,2.636970027678299244e-01,4.178242213412865502e-01,4.485816058336163925e-01,2.797649565273687133e-01,4.507217310208781469e-01,3.231120749774142320e-01,5.208495365593667215e-01,3.248440578247550059e-01,4.090415109152664708e-01,4.117382363759718999e-01,2.376994985743029198e-01,0.000000000000000000e+00,5.346711213612426183e-01,4.470045884788920731e-01,4.818013821034780042e-01,3.182127331202453391e-01,4.345463032700102590e-01,2.983953477364241769e-01,4.597666548397028041e-01,2.471838685668523716e-01,4.559470606864067244e-01,5.564954873568234150e-01,4.869769974125769951e-01,5.780012768843088011e-01,2.108678818159286372e-01,2.678306308506029909e-01,1.836579473444200361e-01,2.290199290217605765e-01,2.449622367361169450e-01,2.712224273574072586e-01,1.067115210059299824e-01,2.758363283641876440e-01,4.805252266267459049e-01,3.851817227264960897e-01,4.451306736557715249e-01,4.053402363121064722e-01,2.870574812946969367e-01,3.230571084772602686e-01,2.665798097570016290e-01,1.834271634477133706e-01,4.958812432993770503e-01,2.592265486357362980e-01,2.821547947721892435e-01,4.532949006211320353e-01,3.289871385867140230e-01,2.228413109390476876e-01,4.185800864879874461e-01,1.838114780340152632e-01,5.239370325467240797e-01,6.063141706726098423e-01,6.320400057268165117e-01,6.138158198442079660e-01,5.185355325295158968e-01,5.828541681050716239e-01,6.176742483240080794e-01,4.534640735121874822e-01,6.169850334338131681e-01,6.297531060941240488e-01,2.312466722411376796e-01,3.316452426407204279e-01,4.341001196273919782e-01,4.854236297624978103e-01,3.945108829726546862e-01,3.564071728645485382e-01,1.498516843412164012e-01,1.376325898323140229e-01,3.857142380970244311e-01,3.343956710873892679e-01,1.199765223314720325e-01,2.027209328682869072e-01,4.727796375226073211e-01,5.067623916362724579e-01,3.669753699657653523e-01,1.511949630536916223e-01,5.539890311049089355e-01,5.605787034401988889e-01,3.594565192633161765e-01,2.969600969609934582e-01,4.192397554306999674e-01,2.345106685432488125e-01
3.683544657164886660e-01,1.582743149850876774e-01,4.781805896272960377e-01,0.000000000000000000e+00,0.000000000000000000e+00,1.878468024572782780e-01,5.487749390727337806e-01,6.291322135187984443e-01,0.000000000000000000e+00,0.000000000000000000e+00,1.221765121668756532e-01,2.311006650610313018e-01,2.747396140032350997e-01,1.142325635946685181e-01,2.487210291687709518e-01,2.588293185600873958e-01,2.498235378062121925e-01,8.423470534418389666e-02,1.994650431154763037e-01,4.359646803787823321e-01,1.984186057055414842e-01,5.948879604319270292e-02,6.705491346731007329e-01,6.086630713598543130e-01,3.904341380090881053e-01,3.467115442977229955e-01,3.199087888299013693e-01,2.693547205564589264e-01,1.901842953986117857e-01,1.667489633095082524e-01,3.200357026202009791e-01,4.429862069724181950e-01,3.701513396632933328e-01,4.734837763238147201e-01,8.808057451993964171e-02,9.629057375862901114e-02,7.774495761722916010e-02,1.203379878754841648e-01,2.492622569626270490e-01,2.989270115344414003e-01,0.000000000000000000e+00,2.769829991409476500e-01,2.785992745458432673e-01,2.571056268342603035e-01,2.900543041663351529e-01,2.541859872462180481e-01,2.259722839675825934e-01,1.581381074681765253e-01,1.496391073619047496e-01,0.000000000000000000e+00,3.310495830187772937e-01,1.220918169344844401e-01,1.965891349760223450e-01,3.160991964882660654e-01,4.765242548085734109e-01,2.626343511031541400e-01,3.200257342349718259e-01,7.294502853885717619e-02,3.516290182877082615e-01,4.561681023649316602e-01,5.323123472768047648e-01,4.612606261836400545e-01,4.497679306773000318e-01,5.294313675302450006e-01,5.300521969145493006e-01,4.120113342186310090e-01,4.165664322629122895e-01,4.410163576125481488e-01,0.000000000000000000e+00,1.349275492172044288e-01,4.086349805064370955e-01,4.302812863271819332e-01,1.766689085543611815e-01,2.161301194473353449e-01,0.000000000000000000e+00,0.000000000000000000e+00,1.617207154824100435e-01,1.745963951373109002e-01,0.000000000000000000e+00,0.000000000000000000e+00,1.323405055808818120e-01,3.928251251055641657e-01,1.957579492811381272e-01,1.407427746223283149e-01,3.427265677057422799e-01,4.562798362512964223e-01,2.382215727650575376e-01,2.356030257516991688e-01,3.526779200123293934e-01,2.522530939084426382e-01
0.000000000000000000e+00,0.000000000000000000e+00,1.541646425519499208e-01,0.000000000000000000e+00,0.000000000000000000e+00,5.471016865513809169e-01,9.224587346068545413e-02,1.103156337600511155e-01,5.297415515539226627e-01,3.898976897402344211e-01,1.703506049320574200e-01,1.944886268598078893e-01,2.529679069662528756e-01,2.591067425868072704e-01,1.387241888138252555e-01,3.474995215138527160e-01,1.806025609477963922e-01,1.955882178945621275e-01,0.000000000000000000e+00,0.000000000000000000e+00,0.000000000000000000e+00,0.000000000000000000e+00,9.814776319440060570e-02,1.841837899327556927e-01,1.652643685776455373e-01,0.000000000000000000e+00,3.924138230241781544e-01,3.139677484079548275e-01,2.127211763845192893e-01,2.512889978955987202e-01,0.000000000000000000e+00,5.988412042779909378e-02,0.000000000000000000e+00,0.000000000000000000e+00,5.999280019136454117e-02,1.259297898395815851e-01,0.000000000000000000e+00,0.000000000000000000e+00,0.000000000000000000e+00,0.000000000000000000e+00,0.000000000000000000e+00,0.000000000000000000e+00,1.294405779929871936e-01,1.707155479559090139e-01,0.000000000000000000e+00,1.502124201358567279e-01,0.000000000000000000e+00,1.240429861383691573e-01,9.234558223234319574e-02,1.499836259805034377e-01,1.028274646645816054e-01,1.817488881179645244e-01,0.000000000000000000e+00,9.648620073917911488e-02,0.000000000000000000e+00,0.000000000000000000e+00,0.000000000000000000e+00,0.000000000000000000e+00,0.000000000000000000e+00,0.000000000000000000e+00,0.000000000000000000e+00,6.836427718289649069e-02,6.427470717914747500e-02,0.000000000000000000e+00,7.725407865316306910e-02,6.107163122686127404e-02,0.000000000000000000e+00,0.000000000000000000e+00,0.000000000000000000e+00,0.000000000000000000e+00,1.532236923656335736e-01,1.702953565569458039e-01,3.672478816850154315e-01,3.911535290399170139e-01,3.449813959169970579e-01,3.086354421035911177e-01,3.084063496356543310e-01,4.049480097946822621e-01,1.195653578194266209e-01,1.152671289745490352e-01,3.072606957871719113e-01,1.549989640971846105e-01,8.640236003535085862e-02,1.384476020086152226e-01,0.000000000000000000e+00,8.276061213254297388e-02,2.768334472959811943e-01,1.142611107361012485e-01,0.000000000000000000e+00,0.000000000000000000e+00
0.000000000000000000e+00,0.000000000000000000e+00,3.606153002971593802e-01,1.878468024572782780e-01,5.471016865513809169e-01,0.000000000000000000e+00,2.854538366919761039e-01,3.345362750136784413e-01,3.430252334151908111e-01,2.438025398465464288e-01,1.854171279369550840e-01,2.418363788100656164e-01,3.224835212490813063e-01,2.756963195611292772e-01,2.130642445592615675e-01,3.010678986946571656e-01,3.690224488967054906e-01,3.575449450715363908e-01,0.000000000000000000e+00,6.309289507888600490e-02,0.000000000000000000e+00,0.000000000000000000e+00,3.345897737430354457e-01,3.635515967112051272e-01,2.546290817659840333e-01,0.000000000000000000e+00,5.098689657282386989e-01,4.378476023270036488e-01,2.854819844717340072e-01,1.363012919671534040e-01,1.913844966635770695e-01,1.880339042279107475e-01,1.728267257885494901e-01,2.361175045982911724e-01,2.062521312544292884e-01,2.727875664702888447e-01,0.000000000000000000e+00,0.000000000000000000e+00,0.000000000000000000e+00,0.000000000000000000e+00,0.000000000000000000e+00,0.000000000000000000e+00,1.517837352649349381e-01,1.598304786111812148e-01,1.485496999059213730e-01,1.802878469942838235e-01,1.855635427628881118e-01,1.565148828296518135e-01,1.041273186771594778e-01,6.715416131623030971e-02,2.086928190236268521e-01,1.047063811698585589e-01,1.181707327011298214e-01,1.123212915943501145e-01,1.106605456488600064e-01,0.000000000000000000e+00,0.000000000000000000e+00,0.000000000000000000e+00,1.563975726884654083e-01,1.575449174511600603e-01,1.828454580195374435e-01,2.432299534578762357e-01,1.116532521140951445e-01,1.094923540460682188e-01,1.922289832884615524e-01,8.811118994451684616e-02,1.486599362628456267e-01,2.072883154099948722e-01,0.000000000000000000e+00,0.000000000000000000e+00,2.514003612614683636e-01,3.017196155785040745e-01,3.398331089095379953e-01,3.359978000085714345e-01,1.556215569946935162e-01,2.306345873048304129e-01,3.244024876958640502e-01,3.480943288808457936e-01,2.282741588869116045e-01,3.311406973971909307e-01,4.181724414846839655e-01,2.438019464464248609e-01,1.253745655868667985e-01,2.329447629271076403e-01,1.746017002896197712e-01,2.765963034830221656e-01,3.567920529027398535e-01,2.597126919229133524e-01,1.561478627087580229e-01,0.000000000000000000e+00
5.876110678993153869e-01,3.379916742799833340e-01,7.510095805713276063e-01,5.487749390727337806e-01,9.224587346068545413e-02,2.854538366919761039e-01,0.000000000000000000e+00,7.513097184133873396e-01,1.571817068438443044e-01,2.354844628988108923e-01,1.745841488213938919e-01,3.929932344288096235e-01,4.604899151168391769e-01,1.837543930636066358e-01,5.531850042323201988e-01,3.496059939106579417e-01,5.235225548257644856e-01,2.664396322209942602e-01,4.492133464679893273e-01,5.336776946435891622e-01,2.586511241373876113e-01,6.565668613697604739e-02,6.520718753191009354e-01,4.519759427117476802e-01,5.236557324112647294e-01,3.614922980373007078e-01,3.487834898007877715e-01,2.599922291410018405e-01,5.328921946119372643e-01,2.807946361029629578e-01,5.470010598697524484e-01,6.508090458807976875e-01,5.056921874806460382e-01,6.136319997212144051e-01,2.560470958828156562e-01,2.687843551217449223e-01,3.399399416989592471e-01,3.643398543033976034e-01,2.872480205559186373e-01,3.536214928302887084e-01,1.321759149451588733e-01,3.889531509111684437e-01,5.039902425417530640e-01,3.965950471595579563e-01,4.274702739328729018e-01,3.259019182948282856e-01,3.547043961884977503e-01,3.944517036900319629e-01,2.541894175888722573e-01,8.702345832668989534e-02,5.478455542509366172e-01,2.317734099653976643e-01,2.818695412253358623e-01,4.439419363000037255e-01,4.417834030232654086e-01,3.314022402053958261e-01,4.122422806267083684e-01,1.619496714435661178e-01,5.625073863053432488e-01,6.576133056848567637e-01,7.381213436459591604e-01,7.316622927846008206e-01,5.674963895788626145e-01,6.704424725991696699e-01,7.198624550916919995e-01,5.943021461623574364e-01,6.698334139145112331e-01,7.137730291723632936e-01,8.865094919971799881e-02,3.294050838837232487e-01,4.346380199860352955e-01,5.304356847311766376e-01,4.395238439699885036e-01,4.137280105669001729e-01,1.011333537516407866e-01,1.500958593618337555e-01,4.224431024302789384e-01,3.691592655117658661e-01,7.672345000751225330e-02,1.531395272241171390e-01,5.025921652869786982e-01,5.491688971368493544e-01,4.745701395445531823e-01,1.049453839801525457e-01,6.876873343044939135e-01,6.427534381899012716e-01,4.590739661490108592e-01,3.480163807854437241e-01,4.959333744574522806e-01,3.298148700355473251e-01
5.210264132850894736e-01,2.734101846352781640e-01,7.085042947037444305e-01,6.291322135187984443e-01,1.103156337600511155e-01,3.345362750136784413e-01,7.513097184133873396e-01,0.000000000000000000e+00,0.000000000000000000e+00,8.682123320248304188e-02,2.484255664873161462e-01,5.499889370864182725e-01,4.334399204366768954e-01,4.230186704989981616e-01,4.001268385426239860e-01,3.407734273470912623e-01,4.670088946383245121e-01,2.869122459926713997e-01,2.449839258811465359e-01,4.564254083710643783e-01,1.913185393440958171e-01,6.626101690505156738e-02,6.759810697967041371e-01,6.080250972288433475e-01,5.190673749749199484e-01,3.342612490192634622e-01,4.299612771518196430e-01,3.660355883042395453e-01,3.293627537423332585e-01,1.766556308684209819e-01,4.631230857811157731e-01,6.341565780018080245e-01,5.607288495998721256e-01,7.267075769918545092e-01,1.573533965068804608e-01,2.666200128466866826e-01,1.437188445838475936e-01,1.945941174478342528e-01,3.959693728233205645e-01,4.311033694719569320e-01,0.000000000000000000e+00,3.295776346499531551e-01,4.721085999420716051e-01,3.858281541076943877e-01,4.952585557849307207e-01,3.734253118984114939e-01,3.676938433720292609e-01,3.084647001218938644e-01,2.778629097284185390e-01,9.456254232372784951e-02,5.465317877331604679e-01,2.669259951322675017e-01,2.458565568564222703e-01,3.917645557252371624e-01,5.765261288434093689e-01,3.625578412671705553e-01,4.267167776394211187e-01,1.134852113709688970e-01,5.551043345005588492e-01,5.791040445707479334e-01,7.558200761469773266e-01,7.083082731761584094e-01,6.103451905535705047e-01,7.165181961515724174e-01,7.345131003352979304e-01,5.374685379205289548e-01,6.122342385140935317e-01,6.453329345653402438e-01,0.000000000000000000e+00,2.605254414745759028e-01,4.625498022476031701e-01,6.169445967376447904e-01,3.295359065361220807e-01,3.204804259686229173e-01,0.000000000000000000e+00,9.118730905259833652e-02,2.785422317728097896e-01,2.631064740384456702e-01,0.000000000000000000e+00,1.593575715944367532e-01,3.884055716266590075e-01,5.902289509943345891e-01,3.355091889622244250e-01,2.509156140140947344e-01,5.284406899189081352e-01,6.316743644485232068e-01,3.069591990034211682e-01,2.936433081269553269e-01,4.338584325606021364e-01,2.880957205802843202e-01
0.000000000000000000e+00,0.000000000000000000e+00,1.848810382441141154e-01,0.000000000000000000e+00,5.297415515539226627e-01,3.430252334151908111e-01,1.571817068438443044e-01,0.000000000000000000e+00,0.000000000000000000e+00,5.438056602316846400e-01,8.984218420821291073e-02,2.201983501128489118e-01,2.853173905004643962e-01,2.705321726468695731e-01,2.347527647724409472e-01,3.839145532235995195e-01,1.887544271902501514e-01,2.068494274326979909e-01,1.337703650258102450e-01,0.000000000000000000e+00,0.000000000000000000e+00,0.000000000000000000e+00,0.000000000000000000e+00,0.000000000000000000e+00,2.754934659929665353e-01,1.940795876468884573e-01,1.876108360871118763e-01,1.368866918908452079e-01,3.332633823240232496e-01,3.443407802748230662e-01,1.554435231849586874e-01,1.103720967091151861e-01,0.000000000000000000e+00,0.000000000000000000e+00,6.470106141240218600e-02,8.480740575527573322e-02,0.000000000000000000e+00,7.894141284843217421e-02,0.000000000000000000e+00,0.000000000000000000e+00,0.000000000000000000e+00,0.000000000000000000e+00,2.069345235491389101e-01,2.594180092164197760e-01,1.181078771200179817e-01,2.221867237759772573e-01,0.000000000000000000e+00,2.247024463329274357e-01,2.250026060484122681e-01,2.837739072259737316e-01,1.719526473643419595e-01,2.641433685590326985e-01,1.454694426812616626e-01,2.057057514966270095e-01,0.000000000000000000e+00,0.000000000000000000e+00,0.000000000000000000e+00,0.000000000000000000e+00,6.583607760763367234e-02,6.932930492811599510e-02,0.000000000000000000e+00,8.141579465710779839e-02,0.000000000000000000e+00,0.000000000000000000e+00,8.439921553712977087e-02,1.347789409458391985e-01,7.972985405500053468e-02,1.347447715311841099e-01,1.710301368712414671e-01,6.448102602104296976e-02,1.554671067594678158e-01,1.515603307443512959e-01,4.306213681931710391e-01,4.384854555148856581e-01,3.494850279591423248e-01,3.182285240413424976e-01,3.480235090335284109e-01,3.956642237402193674e-01,2.215785812131377264e-01,2.071741427488627552e-01,3.259354946378050233e-01,1.662362274581057620e-01,7.742217030055376092e-02,0.000000000000000000e+00,1.618615854168708179e-01,9.303670047240378271e-02,2.004581228025324180e-01,8.888794965332509623e-02,0.000000000000000000e+00,0.000000000000000000e+00
8.719073785532510668e-02,1.493157416103759738e-01,1.879219932361078649e-01,0.000000000000000000e+00,3.898976897402344211e-01,2.438025398465464288e-01,2.354844628988108923e-01,8.682123320248304188e-02,5.438056602316846400e-01,0.000000000000000000e+00,0.000000000000000000e+00,1.255782738645114249e-01,1.272381959408636631e-01,1.379626720371659454e-01,4.770529513994524740e-01,4.378513351315889146e-01,1.702205526386046941e-01,1.772898335829392880e-01,2.210639090365815185e-01,2.080581708596848656e-01,1.066937913533431148e-01,0.000000000000000000e+00,0.000000000000000000e+00,0.000000000000000000e+00,2.375114632308904794e-01,1.266665270316878478e-01,9.949942421489822719e-02,0.000000000000000000e+00,3.829253454388083511e-01,3.125751561905879550e-01,2.080398517703945516e-01,2.193234603780950809e-01,0.000000000000000000e+00,6.164503213119792296e-02,0.000000000000000000e+00,1.264537658661453179e-01,1.784539330124853274e-01,2.149308908536807783e-01,0.000000000000000000e+00,0.000000000000000000e+00,1.067093516319249230e-01,0.000000000000000000e+00,2.314443265555018447e-01,2.279972475668811116e-01,9.255929799011829162e-02,2.011174008429427729e-01,1.913945107857973615e-01,3.683899006200374027e-01,1.224038035893163096e-01,1.792135937351840846e-01,2.562551690427806728e-01,2.608024286241512057e-01,1.755589107454417763e-01,2.550490579435755190e-01,0.000000000000000000e+00,6.131932105126167154e-02,0.000000000000000000e+00,0.000000000000000000e+00,0.000000000000000000e+00,2.417949262724022330e-01,9.327141316309547903e-02,2.881911604225378398e-01,0.000000000000000000e+00,8.742959259607668843e-02,1.068181024268479717e-01,1.716307529477491545e-01,8.082959623330743248e-02,2.398368012350284850e-01,8.302077631428708693e-02,1.491146090225708987e-01,1.051075833291978262e-01,1.598280840786147627e-01,3.637717137909857734e-01,3.643290299470360316e-01,2.163815499087854421e-01,3.231224631500661526e-01,2.796183355305171259e-01,3.259252877020660244e-01,2.450877427374746620e-01,1.694392848203893631e-01,3.780024207660489521e-01,2.019521456011666438e-01,1.810437118119984368e-01,0.000000000000000000e+00,2.674745838991144375e-01,3.144884597135360615e-01,2.167316219036466984e-01,2.380669414834314657e-01,1.123839849363352794e-01,7.547383167328863829e-02
1.096678548237396411e-01,0.000000000000000000e+00,2.636970027678299244e-01,1.221765121668756532e-01,1.703506049320574200e-01,1.854171279369550840e-01,1.745841488213938919e-01,2.484255664873161462e-01,8.984218420821291073e-02,0.000000000000000000e+00,0.000000000000000000e+00,3.595663796562145742e-01,3.600689475487485747e-01,3.587722764574952650e-01,8.962911180806774902e-02,1.084131595200374665e-01,2.472891851177460021e-01,3.306508823858549384e-01,9.263334030742981229e-02,0.000000000000000000e+00,0.000000000000000000e+00,0.000000000000000000e+00,2.022923106789234760e-01,1.822999779264861675e-01,1.077276041724565397e-01,0.000000000000000000e+00,1.133490214384793721e-01,0.000000000000000000e+00,1.887830158918028522e-01,1.119941985763227565e-01,1.751040194571470143e-01,1.882473250016045152e-01,1.927710861149534161e-01,1.564824226583503841e-01,9.327824370021178813e-02,0.000000000000000000e+00,0.000000000000000000e+00,0.000000000000000000e+00,6.659226752028649110e-02,0.000000000000000000e+00,0.000000000000000000e+00,0.000000000000000000e+00,1.231913531600358908e-01,1.042645208050402422e-01,2.443258470674345983e-01,2.201103725995630644e-01,0.000000000000000000e+00,0.000000000000000000e+00,1.615280185402364621e-01,1.534849604793116773e-01,2.036913878281639001e-01,1.804534200102944907e-01,1.146775577656212602e-01,8.580638774814945691e-02,0.000000000000000000e+00,0.000000000000000000e+00,6.278700853581882513e-02,7.849776459063396994e-02,1.509132427918876695e-01,9.757132646990662739e-02,1.515498437022563261e-01,1.199354006407522127e-01,1.060355636837201632e-01,7.812474617678791255e-02,1.285593748614903276e-01,0.000000000000000000e+00,8.831518129998564004e-02,6.586265288721024347e-02,0.000000000000000000e+00,0.000000000000000000e+00,2.874271131790907541e-01,2.379375823162591663e-01,1.993561675443490944e-01,1.983052575050843203e-01,8.437132737823548057e-02,7.209096411601434440e-02,1.057436662769599411e-01,1.991067389267479615e-01,0.000000000000000000e+00,1.800054445510197998e-01,1.869289831120383716e-01,1.023041656301049290e-01,0.000000000000000000e+00,9.926999139346651124e-02,7.987888683092299325e-02,8.285993310242914522e-02,8.596849224745188589e-02,0.000000000000000000e+00,9.519652376917511760e-02,0.000000000000000000e+00
3.600182447214215764e-01,3.415814443534221923e-01,4.178242213412865502e-01,2.311006650610313018e-01,1.944886268598078893e-01,2.418363788100656164e-01,3.929932344288096235e-01,5.499889370864182725e-01,2.201983501128489118e-01,1.255782738645114249e-01,3.595663796562145742e-01,0.000000000000000000e+00,4.925595562936077587e-01,6.565779909100059042e-01,2.166308334096149479e-01,3.106845389888299169e-01,4.111765835105097855e-01,4.296926413209931073e-01,2.325378174236800155e-01,2.416521337765518973e-01,0.000000000000000000e+00,0.000000000000000000e+00,2.802614058393219088e-01,3.260325075856980725e-01,3.350238495026600094e-01,1.864404987548709536e-01,2.412375269546513379e-01,2.269468242381572631e-01,3.190324749212196109e-01,3.302118767870927396e-01,2.945010937175768229e-01,3.730861564510811745e-01,4.456872368309133803e-01,5.163955165949359882e-01,7.361474341269358401e-02,1.519828568303591143e-01,9.430104823923082802e-02,1.023127106698636518e-01,1.871551239854581106e-01,2.337155863746437356e-01,0.000000000000000000e+00,1.232338393974917456e-01,3.508464337993977278e-01,2.728717289859746709e-01,4.318217287474350741e-01,2.824620826227858816e-01,2.242472484847086167e-01,1.354526144423220391e-01,3.163157368168101891e-01,2.140017517887590759e-01,4.282745378617653920e-01,2.490045431884167493e-01,1.272760459871264960e-01,2.438339716438311933e-01,2.949663875318785933e-01,1.829962828194910129e-01,3.714595878414362895e-01,2.745500130394835647e-01,4.305401062598695483e-01,3.503582879098106617e-01,4.636260369275743143e-01,5.007182076430856110e-01,4.265052670124248602e-01,5.071328128890618681e-01,4.378872939784781981e-01,3.374129485712041854e-01,3.773624080448454432e-01,4.327396324134216710e-01,1.179029847252009711e-01,1.701920246255528291e-01,3.637191147591780638e-01,4.484304696643681143e-01,3.741860870244300141e-01,4.230670620291439032e-01,1.746194028552492117e-01,1.831611248260220648e-01,3.365541301560101561e-01,3.181742342277171232e-01,0.000000000000000000e+00,2.440295563455092409e-01,3.754755279815704117e-01,4.811395229326741463e-01,1.893456788870980789e-01,1.946139649725015242e-01,3.614700183898312824e-01,3.972764634101878523e-01,1.596870035286337974e-01,1.948725786356755862e-01,2.371335065769620831e-01,2.145864670382761630e-01
1.540096521820893405e-01,8.564120826148310939e-02,4.485816058336163925e-01,2.747396140032350997e-01,2.529679069662528756e-01,3.224835212490813063e-01,4.604899151168391769e-01,4.334399204366768954e-01,2.853173905004643962e-01,1.272381959408636631e-01,3.600689475487485747e-01,4.925595562936077587e-01,0.000000000000000000e+00,4.587059731500151005e-01,1.344248151540921865e-01,3.292946379956156466e-01,3.941075249029717953e-01,4.346369815999463482e-01,1.643561745468231083e-01,1.038456973733541122e-01,0.000000000000000000e+00,0.000000000000000000e+00,3.833513291856674443e-01,3.942085443857349936e-01,2.801236144541737194e-01,8.344485073341474657e-02,2.644678066160217056e-01,2.435381495090284121e-01,3.809989043368628425e-01,2.699769325006560194e-01,3.717284312217652986e-01,4.285651727967991209e-01,2.846193961899519675e-01,2.882683046053832743e-01,3.043987680672783358e-01,2.232707001460650931e-01,7.964995492142012967e-02,0.000000000000000000e+00,1.104258602974880071e-01,7.597212879192552504e-02,0.000000000000000000e+00,0.000000000000000000e+00,3.181166982467745208e-01,3.834183609972704465e-01,4.804640486993381199e-01,4.451408213585058560e-01,1.731607232457945678e-01,2.368431016813424272e-01,3.629089063531168446e-01,3.724220795285211882e-01,3.928965495705986632e-01,3.652769322660828211e-01,1.501459772919100932e-01,1.853859610833600291e-01,1.917749893924085292e-01,1.078420357241154648e-01,1.538789656824579855e-01,6.156346896279301512e-02,2.621414753204277526e-01,3.021261934093415480e-01,3.277994046608687095e-01,3.658999992041546134e-01,2.221012085521874568e-01,2.152090904860169962e-01,4.150882269438392891e-01,2.658912176699303465e-01,3.622081789222468262e-01,3.920941735529873129e-01,0.000000000000000000e+00,7.196141127877593580e-02,3.938431275851711488e-01,4.160540335986341320e-01,3.696613984123411911e-01,4.567576054267263874e-01,1.892314795976012820e-01,1.110099032309935646e-01,4.326071440407181501e-01,3.737856132952572796e-01,1.865545324632288671e-01,3.145039194042222319e-01,4.025855586151942389e-01,2.701463830861675075e-01,2.247843202036390875e-01,1.558761700771752468e-01,3.785445429291458552e-01,3.510751908349857842e-01,3.144409170721974012e-01,1.896308266423693267e-01,3.237294950499123858e-01,1.993384795489783201e-01
1.299702158623194381e-01,1.552755350184181204e-01,2.797649565273687133e-01,1.142325635946685181e-01,2.591067425868072704e-01,2.756963195611292772e-01,1.837543930636066358e-01,4.230186704989981616e-01,2.705321726468695731e-01,1.379626720371659454e-01,3.587722764574952650e-01,6.565779909100059042e-01,4.587059731500151005e-01,0.000000000000000000e+00,0.000000000000000000e+00,3.186925856277971203e-01,3.359608521319126795e-01,5.094379626255471916e-01,5.869622294848626798e-02,0.000000000000000000e+00,0.000000000000000000e+00,0.000000000000000000e+00,1.422669018774412042e-01,2.317756785008326936e-01,2.115184079038992526e-01,0.000000000000000000e+00,1.693225657547884622e-01,2.113019777700753110e-01,1.955436781144238023e-01,1.908007051422881684e-01,2.469998157953574303e-01,2.915533872277653038e-01,3.419170914023879071e-01,3.724922540084321665e-01,0.000000000000000000e+00,1.569759680498853116e-01,0.000000000000000000e+00,0.000000000000000000e+00,1.153898003364749597e-01,1.926282589837185477e-01,0.000000000000000000e+00,0.000000000000000000e+00,1.918767893821684278e-01,2.571202464954853717e-01,4.374667599462914169e-01,3.466228865451549401e-01,1.795587522006163173e-01,6.194588159245853487e-02,3.177596259341090024e-01,2.311078405253892132e-01,3.528664746702755428e-01,3.037882528564482820e-01,1.780211679699834071e-01,9.592369986550297600e-02,2.634981679634484930e-01,2.590751537331567600e-01,1.830492450753333777e-01,1.530557713085531346e-01,2.743613874412012543e-01,2.040145228816094836e-01,2.891821028153779283e-01,3.608781034874213312e-01,1.184902885444295423e-01,2.524953002300174831e-01,1.776280946342182199e-01,1.146067556932831161e-01,1.745968322328281530e-01,3.239643935130332442e-01,1.187556780209380186e-01,1.063982858084726590e-01,3.109024097404827214e-01,3.893516279152218207e-01,2.704347563741469895e-01,3.451310888758971629e-01,9.273267820710098808e-02,1.591419607990755547e-01,2.066284523903083592e-01,2.674022309342209969e-01,2.060967679646668604e-01,4.198925012787549926e-01,3.216050339191690588e-01,3.285195195938069856e-01,0.000000000000000000e+00,1.326988025991807374e-01,1.627607376784764304e-01,3.376057068881719303e-01,0.000000000000000000e+00,1.229127889753890562e-01,1.474464331421313779e-01,2.391808206657881630e-01
4.415096068042438371e-01,3.329253876414401958e-01,4.507217310208781469e-01,2.487210291687709518e-01,1.387241888138252555e-01,2.130642445592615675e-01,5.531850042323201988e-01,4.001268385426239860e-01,2.347527647724409472e-01,4.770529513994524740e-01,8.962911180806774902e-02,2.166308334096149479e-01,1.344248151540921865e-01,0.000000000000000000e+00,0.000000000000000000e+00,4.853377951217484609e-01,2.594353860776544285e-01,0.000000000000000000e+00,4.123049046979921917e-01,4.348897502609084809e-01,3.658727634155761743e-01,1.563522365734657804e-01,2.801811503437263151e-01,1.163662896123651980e-01,4.925808671498987379e-01,4.441637752586317656e-01,2.781114623766217098e-01,1.270588277806454502e-01,5.384750095291765959e-01,3.282929562838377002e-01,3.782111683472877406e-01,4.559315785491423467e-01,3.061760258598917872e-01,3.684089403348649316e-01,2.424975632528210412e-01,2.352335986682789482e-01,4.048169681050017288e-01,4.261100582578196683e-01,1.097194319333830437e-01,1.745826272476223295e-01,2.006589599770389198e-01,3.360755630563308505e-01,3.368816775840821065e-01,2.691083335205172178e-01,1.499262607158234617e-01,1.166164329767340330e-01,2.383852181179214602e-01,3.912019719176402788e-01,1.085197413658161858e-01,0.000000000000000000e+00,3.340830340002868271e-01,7.190028121204516953e-02,1.609820316720485811e-01,3.823218442736565081e-01,1.163504204863906877e-01,1.323845088067656939e-01,2.295597051273044753e-01,7.651394570154189390e-02,3.111665395397322231e-01,4.189896743255134837e-01,4.684525580538762002e-01,5.126198111401951696e-01,3.854431051616964421e-01,4.979175863904805044e-01,5.080616254593366410e-01,4.896899453612952868e-01,4.374982494817892809e-01,4.850576167267619532e-01,8.797975044267888900e-02,3.084575761929229665e-01,1.547919726673485652e-01,2.667552000802523859e-01,3.950130264167843741e-01,2.572655698141869673e-01,1.767807847026910684e-01,1.825211751904012858e-01,3.732028131706790486e-01,2.365197058048270629e-01,8.152892038519356233e-02,0.000000000000000000e+00,3.768761567142361324e-01,3.979942206146034889e-01,4.653186485647701764e-01,0.000000000000000000e+00,5.301001893719788916e-01,4.694532380111020031e-01,3.078490806113340916e-01,3.170671021871829809e-01,2.466399363318902138e-01,1.907431742591675916e-01
1.547914976087670647e-01,1.245771928144609880e-01,3.231120749774142320e-01,2.588293185600873958e-01,3.474995215138527160e-01,3.010678986946571656e-01,3.496059939106579417e-01,3.407734273470912623e-01,3.839145532235995195e-01,4.378513351315889146e-01,1.084131595200374665e-01,3.106845389888299169e-01,3.292946379956156466e-01,3.186925856277971203e-01,4.853377951217484609e-01,0.000000000000000000e+00,1.118979590625846787e-01,6.738374341295311210e-02,1.892736364347188394e-01,1.992731205465797795e-01,1.562802119352909302e-01,8.708711723274971395e-02,2.827011785528206200e-01,2.352978470542970713e-01,3.772923163549703474e-01,3.460064386321864971e-01,3.153373189995634096e-01,3.090068642875052896e-01,3.479179386012544173e-01,5.025183470560051768e-01,2.527261294400480751e-01,4.116037893887432575e-01,0.000000000000000000e+00,1.693266682703714887e-01,2.003845373927292117e-01,2.124553119543658442e-01,0.000000000000000000e+00,2.005691734637074508e-01,0.000000000000000000e+00,0.000000000000000000e+00,0.000000000000000000e+00,0.000000000000000000e+00,2.584552688537191667e-01,3.341404103633647815e-01,1.666440256488160299e-01,1.843600645771313606e-01,0.000000000000000000e+00,1.581560437411149711e-01,1.616099846795392425e-01,1.267326483897574241e-01,2.169670121131963281e-01,1.452777372626021524e-01,1.835991417131048742e-01,2.108990617058291162e-01,0.000000000000000000e+00,0.000000000000000000e+00,0.000000000000000000e+00,0.000000000000000000e+00,1.319653010155052708e-01,2.303411174223233826e-01,1.735526527000144925e-01,3.148326557803207137e-01,2.416751335324783534e-01,2.851241944158101616e-01,3.424693004221527892e-01,3.532048936722932964e-01,2.125632507664859117e-01,3.126141688665442508e-01,0.000000000000000000e+00,8.903051572307056627e-02,2.586004479312489224e-01,3.424803540924663547e-01,3.959242043293220159e-01,3.858184396218393153e-01,1.891510109047566113e-01,1.748165672476099108e-01,3.540207792333339709e-01,4.200555080897634963e-01,0.000000000000000000e+00,1.289620065007719141e-01,1.736144209336091815e-01,4.444051240578510420e-01,2.204997396076579519e-01,0.000000000000000000e+00,2.680548096643550759e-01,3.823908057375661751e-01,3.228748184409482858e-01,2.846247713320739781e-01,1.861741483344820647e-01,9.883539952568491660e-02
2.843113757994530921e-01,1.252077963225302626e-01,5.208495365593667215e-01,2.498235378062121925e-01,1.806025609477963922e-01,3.690224488967054906e-01,5.235225548257644856e-01,4.670088946383245121e-01,1.887544271902501514e-01,1.702205526386046941e-01,2.472891851177460021e-01,4.111765835105097855e-01,3.941075249029717953e-01,3.359608521319126795e-01,2.594353860776544285e-01,1.118979590625846787e-01,0.000000000000000000e+00,7.149778799608962343e-01,3.028150624711984373e-01,3.088653877291615557e-01,7.263145719672817191e-02,0.000000000000000000e+00,3.917034815299670347e-01,3.867825922150738283e-01,2.968062933800896808e-01,0.000000000000000000e+00,3.503197021519333654e-01,2.256421881932164086e-01,5.889763804450399709e-01,1.316578340666913760e-01,3.484950211626416938e-01,4.336920369822733767e-01,4.657149831765586834e-01,5.057095986441311197e-01,3.221562945596380123e-01,3.411453299837811648e-01,2.327542071455329931e-01,6.268749974271525804e-02,1.990585322403832791e-01,2.487659162271406710e-01,0.000000000000000000e+00,2.012990178530081053e-01,1.857764253009639988e-01,1.458734712286577084e-01,2.477816069976596647e-01,1.572172110727726169e-01,3.548712164142207026e-01,2.802895096392363783e-01,0.000000000000000000e+00,0.000000000000000000e+00,2.872326005930307957e-01,6.069268370730989542e-02,1.079400995700634108e-01,2.390460234712834253e-01,2.570831102386182399e-01,3.235781238128610515e-01,3.376440970575852463e-01,1.033413566258624544e-01,4.046815242750057551e-01,4.690339606970493902e-01,4.899510986388661005e-01,5.365008869665314206e-01,3.765079688269030722e-01,4.002339668540768614e-01,3.025976202403805049e-01,1.689798776177143802e-01,3.768702095776692573e-01,5.089675625693580452e-01,8.841317278208969677e-02,2.831753574564760401e-01,3.715892422368402559e-01,3.538751934904498242e-01,4.909787927473801550e-01,4.296824101398438733e-01,2.519657594103006937e-01,2.538033771108701431e-01,4.369197301155569590e-01,3.653931290468259152e-01,4.448693800030875667e-01,4.750535700532031447e-01,7.508444495627801807e-01,3.962487541586966477e-01,3.159813355838628213e-01,3.099500181289681633e-01,3.588847537414786015e-01,4.038184079456139663e-01,3.351283233666458305e-01,3.258069882125854133e-01,2.280258284137347824e-01,1.870949588948246645e-01
