0.000000000000000000e+00,9.299544112450853772e-01,8.706551528989145972e-01,9.139164647556377030e-01,7.585312840839636417e-01,7.699667992339088718e-01,8.672158856255930415e-01,9.135897255820095708e-01,6.378879619650150712e-01,8.646341199318118287e-01,6.116927617160758945e-01,6.883170740150341693e-01,7.159065325123584733e-01,7.433560432416588259e-01,8.713609808114144428e-01,8.557050817213783800e-01,6.971744871539793387e-01,9.029731782073718849e-01,8.699538305536214100e-01,3.602948074274381352e-01,7.458623474638228501e-01,2.899851932593539572e-01,8.893174208106188194e-01,5.411304857901347853e-01,7.749268227510761609e-01,6.415933794209895957e-01,4.680446385281533117e-01,4.343774204769532132e-01,7.640990080840948107e-01,7.785214193432204999e-01,8.530861723755921444e-01,6.847309208463220331e-01,9.256521722760672199e-01,7.953642545976770117e-01,4.626301940324674122e-01,1.083700954573642294e-01,6.009319729445806724e-01,8.282568843209892062e-01,4.510112526664984411e-01,7.766605345326658139e-01,5.612330949981316763e-01,0.000000000000000000e+00,6.865140014161534854e-01,7.379408465337875533e-01,8.854407491400553276e-01,9.010428246452339973e-01,8.753798148627313092e-01,8.657736907183634090e-01,6.899686680939786099e-01,6.887894448303044648e-01,5.780851484693779740e-01,8.798888859915376948e-01,8.483788013154608398e-01,8.436399259041964527e-01,8.448774514048524864e-01,8.282014358861152781e-01,8.762246641616404652e-01,9.212642240345780831e-01,9.062299761441718893e-01,6.891617839429580172e-01,7.000458645665136315e-01,9.215868971526743891e-01,0.000000000000000000e+00,8.634410171410904500e-01,8.886042421001567604e-01,9.032802537955478828e-01,9.329193610776909118e-01,8.698150717085338934e-01,8.809687933492267309e-01,7.353610717712981693e-01,3.765894626448156868e-01,5.858209870751911463e-01,2.706586281426014984e-01,5.675841123659125520e-01,0.000000000000000000e+00,0.000000000000000000e+00,5.799640972673144601e-01,5.781668346896996491e-01,7.216578924842693699e-01,6.755069026409714628e-01,9.021283626118605792e-01,5.547788836860093609e-01,6.667977672747295026e-01,2.855579743881936916e-01,9.099557427951823207e-01,9.202757277323332374e-01,3.312895814323096877e-01,2.523638273231357254e-01,7.546528742676594792e-01,9.190975682416815395e-01
9.299544112450853772e-01,0.000000000000000000e+00,8.958055813774145060e-01,9.401735791129920417e-01,7.222947627814874094e-01,7.152494219817014942e-01,8.633536829644001820e-01,9.196216848050035031e-01,6.756037121815986479e-01,8.422725459977956630e-01,5.790454843454839740e-01,6.670338536143018970e-01,6.686953038834374530e-01,7.036657035927892379e-01,8.610151457334743741e-01,8.342136686200952722e-01,7.013859285654091558e-01,9.113236984688007913e-01,8.770729083094999101e-01,2.822118216986796990e-01,7.823330374676774612e-01,3.016478329274636105e-01,9.347389275437545386e-01,5.296707203810958609e-01,8.354375323333121939e-01,6.450066559598592875e-01,4.406344309082432797e-01,3.600160509666031072e-01,8.088606341331627814e-01,8.274651419719071255e-01,8.949700249077594538e-01,7.320661302129037873e-01,9.520338186181618312e-01,8.285737952132591344e-01,4.511265140624420300e-01,7.631763553257979449e-02,6.683059252986609522e-01,8.849762699557954804e-01,5.410708412869397188e-01,8.140273889758269377e-01,5.930979480648144175e-01,0.000000000000000000e+00,6.816894792348048293e-01,7.809732553486767870e-01,8.995219789420298984e-01,9.409328828895243690e-01,9.149807713585398350e-01,9.142899438881376684e-01,7.289168164401219618e-01,7.409203426553617744e-01,6.180787616588718780e-01,9.063905793954035728e-01,8.851808886980090385e-01,8.517945984632464551e-01,8.484831059177573298e-01,9.023832303478929173e-01,8.506176498357048699e-01,9.321654615154011392e-01,9.226505780022190573e-01,6.947828569166417667e-01,6.433645486259337298e-01,9.491836558087111131e-01,0.000000000000000000e+00,9.054188409221337608e-01,8.947052590297187580e-01,9.298723810757314467e-01,9.551750949246403666e-01,8.788151933256824755e-01,9.139115786465497049e-01,8.169343347331092797e-01,4.762995639032995832e-01,6.697377005054464538e-01,3.509469254062950738e-01,6.696832174602543875e-01,0.000000000000000000e+00,0.000000000000000000e+00,6.622377584075042067e-01,6.737046325441473638e-01,7.609232312608709137e-01,7.123544292457115734e-01,9.268456463447343197e-01,5.491823431454736504e-01,6.756323184735436582e-01,2.935868857242408536e-01,9.363743921905999246e-01,9.395719493549766765e-01,3.415242714656969159e-01,1.664995172885184171e-01,7.050333598905659249e-01,9.498548265973522087e-01
8.706551528989145972e-01,8.958055813774145060e-01,0.000000000000000000e+00,8.885254124525054920e-01,8.176490896492826232e-01,7.667736012076901142e-01,9.196937768983598493e-01,9.049077961817204585e-01,6.555193211573447920e-01,8.512348600563001133e-01,6.838553836916435591e-01,6.918581554513654197e-01,7.921233359146157005e-01,7.609751925276306839e-01,8.857012207445343899e-01,8.280793220605633387e-01,5.944882694762764208e-01,8.555563380652411176e-01,8.757357626297208597e-01,3.883410368784008249e-01,7.787346287109516707e-01,2.164441432303583490e-01,9.025942015725573198e-01,6.633446344117366333e-01,7.375798925324728028e-01,6.065799126619306758e-01,4.745231777571057852e-01,4.779558380673681328e-01,7.400302594999754735e-01,7.374902830864223935e-01,8.776199289674563309e-01,7.118356257671349940e-01,9.169732486827153473e-01,7.885003524542503195e-01,5.999296981988594402e-01,1.836778474660560323e-01,6.587925336096883688e-01,8.155551269674103931e-01,5.122162503896658947e-01,7.963225359432314354e-01,6.092652331584066383e-01,0.000000000000000000e+00,5.830420659631679881e-01,6.452640682161404628e-01,8.672308535505984795e-01,8.590517034815388087e-01,8.322583480990279892e-01,8.358324798132510391e-01,5.881335855497489273e-01,5.967248804081998204e-01,4.483182703613353137e-01,8.178550714224703810e-01,7.601772695730530938e-01,8.082399241410235247e-01,8.329855882549308532e-01,8.018113765973297058e-01,7.984643889109793724e-01,8.738225983791043650e-01,8.185973651060972633e-01,6.469906262383956497e-01,6.776656437831090063e-01,8.743941117846055766e-01,0.000000000000000000e+00,8.081181016300279518e-01,8.305010768934423249e-01,8.534197730041330754e-01,9.189735112058872168e-01,9.102316234246659032e-01,8.525599698530501591e-01,7.154253351821384665e-01,2.894073053620663805e-01,5.115610397408520971e-01,2.009074956048385596e-01,5.309987980063686219e-01,0.000000000000000000e+00,0.000000000000000000e+00,4.966494383937825607e-01,5.028174953631009414e-01,6.855039327069903932e-01,6.102900412269448571e-01,8.823484489115580587e-01,6.255258226283068046e-01,6.704664008093313976e-01,3.170336238201217904e-01,8.531763007691300915e-01,9.115681399636266224e-01,2.641935630060502360e-01,2.396097110402908015e-01,7.197232555494039730e-01,8.926961759498520665e-01
9.139164647556377030e-01,9.401735791129920417e-01,8.885254124525054920e-01,0.000000000000000000e+00,7.227003190942674626e-01,7.238736144005685214e-01,8.549480850781677743e-01,9.174856039428387344e-01,7.174597552032103698e-01,8.841759143832926826e-01,5.380988644389459452e-01,6.417161171211898107e-01,6.523620512027016316e-01,6.642538604357226539e-01,8.824039553502459610e-01,8.448792988182940444e-01,6.546367337730980562e-01,9.092095960695653067e-01,8.433287966224969345e-01,1.985791733141959170e-01,7.829088203288618875e-01,2.850651853059819052e-01,9.525806546821028453e-01,5.458023580541622177e-01,8.399480086363988462e-01,6.459223115493473166e-01,4.187552886722495926e-01,3.812605621506781062e-01,7.733609503371753346e-01,8.015734249069204065e-01,8.951408731677015229e-01,7.132244385043717827e-01,9.315561309756463793e-01,7.636247492315734187e-01,4.070161961934523065e-01,0.000000000000000000e+00,5.617287901016495555e-01,8.338813346053265407e-01,4.839386831495016139e-01,7.910474254854495957e-01,5.505511406286928144e-01,0.000000000000000000e+00,6.827149947395368956e-01,8.042751070430396165e-01,9.131126135437259705e-01,9.546881378921461270e-01,9.019881205475638319e-01,9.229823071498761689e-01,7.477248598986440120e-01,7.832148206002045310e-01,6.190445914760641655e-01,9.397137302799138947e-01,9.092071325628227063e-01,8.586061776231111997e-01,8.623929671021304255e-01,8.989086049624879227e-01,7.876629987706590397e-01,8.886779262264309365e-01,9.265539123465018623e-01,6.956628523278440834e-01,6.209480654635819441e-01,9.672460475327726570e-01,0.000000000000000000e+00,9.209591708580655567e-01,8.849645297570233327e-01,9.588981674183160164e-01,9.653122272139845750e-01,8.522067630615842715e-01,8.601236288244030748e-01,7.680838491316970273e-01,4.806470980222832257e-01,6.401112672315741881e-01,3.208558595397768554e-01,6.337311910286964611e-01,0.000000000000000000e+00,0.000000000000000000e+00,6.178217556773268893e-01,6.375858792453027446e-01,7.683273459152996088e-01,6.970763409003591926e-01,9.277356245654364564e-01,4.413118746446239582e-01,6.801807624683744447e-01,2.093854737320924864e-01,9.622173633217692146e-01,9.404287998921860847e-01,3.126122383892515622e-01,1.311696427089107664e-01,6.878290316461589393e-01,9.648835773407915539e-01
7.585312840839636417e-01,7.222947627814874094e-01,8.176490896492826232e-01,7.227003190942674626e-01,0.000000000000000000e+00,9.173058379285318198e-01,8.984508884242785598e-01,8.543943257113831846e-01,4.978158317129696142e-01,8.678422488729038431e-01,7.847844482341814754e-01,7.813110218511450933e-01,8.938354682537221763e-01,8.719211870244487628e-01,8.614501356695523082e-01,8.400288196827699894e-01,4.550353094496157880e-01,7.896220421512016863e-01,8.278867701275151036e-01,5.676751242237093598e-01,6.407724157538530196e-01,7.686680508141074952e-02,7.647168994546582610e-01,7.308422715211904119e-01,5.268059748668367792e-01,6.194100194945589832e-01,4.676249449630964783e-01,6.345310478289838407e-01,5.990317780132733416e-01,5.525486254471310144e-01,7.519572115161454740e-01,6.121608555415019026e-01,7.775112581745183826e-01,5.687373529280963513e-01,7.184940601862492837e-01,2.535309916759959092e-01,5.187106103514513844e-01,6.674833353816592707e-01,3.298480991823750097e-01,6.277652792376791080e-01,4.083510125087980169e-01,0.000000000000000000e+00,4.516262221193743653e-01,3.928379746251274840e-01,7.316167334290397672e-01,6.659949987272332228e-01,6.951420677516326752e-01,6.540789248410405765e-01,3.010312943086659310e-01,2.990590419234590014e-01,1.337542929128566482e-01,6.080357993018642437e-01,5.626016078411820720e-01,6.871776895916592576e-01,7.869138579542993561e-01,5.537872445614780981e-01,7.985642965956323280e-01,7.930488716913579594e-01,6.491486289111446650e-01,4.803646220403985367e-01,6.678077251075023035e-01,7.239976140908718216e-01,2.634341997283751735e-01,5.768801978279979314e-01,6.879024677903858853e-01,6.791847701067000864e-01,7.873704195325332833e-01,8.389200973923797156e-01,7.173531522190154108e-01,4.575466203310418201e-01,0.000000000000000000e+00,1.965636259787533757e-01,0.000000000000000000e+00,2.297767290314746136e-01,0.000000000000000000e+00,0.000000000000000000e+00,2.126354108616085870e-01,2.098410411859269464e-01,5.559662727523063674e-01,4.477143310216404881e-01,7.589247975127628720e-01,6.446271839733840325e-01,6.047353084546486235e-01,2.494225186973361430e-01,7.142801938426824870e-01,8.226578437679853417e-01,2.075830833162007338e-01,5.346150903310855629e-01,8.560678528274932031e-01,7.530838746965486941e-01
7.699667992339088718e-01,7.152494219817014942e-01,7.667736012076901142e-01,7.238736144005685214e-01,9.173058379285318198e-01,0.000000000000000000e+00,8.806072007394463164e-01,8.777021599905860949e-01,4.519613953868839018e-01,9.040236087685269428e-01,7.437789140023595147e-01,8.004536406169273643e-01,8.766684370853042862e-01,8.758179844468012565e-01,8.628401543423901421e-01,8.858214626824916227e-01,4.229678830921374533e-01,7.876884634279208708e-01,8.249919304939757891e-01,5.768436306090095611e-01,6.212528176481142417e-01,1.025376088577355377e-01,7.403149599026086491e-01,7.579509278529459326e-01,4.806586598291667789e-01,6.487441402774830612e-01,4.387784405788875408e-01,6.699517158077388235e-01,5.332512738355362769e-01,5.106441722258804328e-01,7.358786920033080214e-01,5.845876244510894715e-01,7.482282288096263612e-01,5.091784894960204033e-01,6.469940201874352370e-01,1.786841385958525819e-01,4.284138123865255943e-01,6.252485778927659998e-01,2.656818982480238511e-01,6.106828596047157998e-01,3.202688424644717924e-01,0.000000000000000000e+00,4.729649138107520079e-01,3.831074330276900142e-01,7.547957031013342588e-01,6.605057918131762573e-01,7.022809020418294690e-01,6.412232777526913896e-01,3.046487175404040126e-01,2.861082131048635624e-01,1.370761806876952260e-01,6.043303226645651005e-01,5.865519460085251158e-01,7.009436605699019829e-01,8.316056466678394266e-01,5.420942468426446226e-01,7.959589021232519324e-01,7.828514246480680061e-01,6.596467019646881091e-01,4.976724336867032750e-01,6.496133594367199393e-01,7.294417371557664342e-01,2.573814238197589255e-01,5.545067708402828810e-01,6.997327484605977421e-01,6.831850712215766785e-01,7.794585270443403768e-01,7.976464561050405910e-01,6.859748674901073873e-01,3.811764638995693844e-01,0.000000000000000000e+00,1.580447293767438532e-01,0.000000000000000000e+00,1.666024225505970402e-01,0.000000000000000000e+00,0.000000000000000000e+00,1.573773037081288573e-01,1.596531906753368701e-01,5.087411569962736468e-01,4.070436830845973186e-01,7.202974563946717979e-01,5.347826265671653534e-01,6.100642300892920034e-01,2.125577266201617577e-01,7.266899498934228374e-01,8.218516200063672450e-01,2.766027183775787712e-01,5.614032596579863199e-01,9.027734927298262102e-01,7.546450502747761302e-01
8.672158856255930415e-01,8.633536829644001820e-01,9.196937768983598493e-01,8.549480850781677743e-01,8.984508884242785598e-01,8.806072007394463164e-01,0.000000000000000000e+00,9.487898994338158642e-01,5.979501849846515782e-01,9.083366188712566069e-01,7.882673077830337771e-01,7.730312540852977143e-01,8.965726229471445707e-01,8.678305158044616885e-01,9.215825430661590545e-01,8.940269035996321056e-01,5.647100937038097568e-01,8.605528844381700182e-01,8.984399262840968570e-01,4.829890825851367309e-01,7.612481901624604808e-01,1.879430633403259832e-01,8.758236175955160796e-01,7.503462222125679704e-01,6.544587072652922055e-01,6.550057241594552382e-01,4.649981068122494565e-01,5.798984504066931889e-01,7.067953877094862447e-01,6.852700578084264249e-01,8.614577041028900206e-01,6.964599128675115214e-01,8.918406234184185211e-01,7.131698407403536111e-01,6.709023524586730236e-01,2.190242927819926744e-01,6.210995713591116463e-01,7.871430894226338904e-01,4.620734116261097646e-01,7.500575317718747304e-01,5.351726438697623767e-01,0.000000000000000000e+00,5.588948837274700931e-01,5.572504511062419397e-01,8.556635971907423643e-01,8.194884863942455411e-01,8.143403068517895971e-01,7.992849658013726488e-01,4.767991447312638353e-01,4.838954780729349259e-01,3.307206843784136763e-01,7.682192692310412241e-01,7.036087471772560775e-01,8.044701887072120972e-01,8.783431139696384893e-01,7.256267893412410297e-01,8.286493591808175019e-01,8.666646128279965611e-01,7.711396996600925480e-01,6.130654724787742982e-01,7.212984174534488035e-01,8.484860951125686723e-01,1.170694372465377053e-01,7.278470282946978287e-01,8.305371355923033549e-01,8.124534257868302189e-01,9.025748416567704879e-01,9.207144529325945737e-01,8.120902023033985673e-01,6.122309317390566274e-01,1.252272892322318087e-01,3.850189713880528553e-01,0.000000000000000000e+00,4.211023594939781733e-01,0.000000000000000000e+00,0.000000000000000000e+00,3.833992835451817682e-01,3.975809286344531568e-01,6.432296692368172364e-01,5.604216287950358755e-01,8.580766729324218467e-01,6.586101952609332288e-01,6.843161423351535877e-01,2.775393371437466783e-01,8.320248366940780071e-01,9.258903594664005254e-01,2.538381301890541009e-01,3.873406297119376673e-01,8.342907652340257885e-01,8.711070044187845252e-01
9.135897255820095708e-01,9.196216848050035031e-01,9.049077961817204585e-01,9.174856039428387344e-01,8.543943257113831846e-01,8.777021599905860949e-01,9.487898994338158642e-01,0.000000000000000000e+00,6.247047927808949686e-01,9.405572042198632188e-01,6.945795144556413669e-01,7.681583772508027153e-01,8.220748980857610633e-01,8.424010717221921407e-01,9.349377090361870035e-01,9.345661037598659293e-01,5.883157851846695374e-01,9.093141181194825950e-01,9.073903384830566132e-01,4.014194656974922060e-01,7.803387562522747789e-01,2.230067284530026783e-01,9.205876786092789255e-01,6.959133573853031329e-01,7.327204626966905554e-01,6.711722765089176423e-01,4.345154491604408808e-01,5.140961829723401655e-01,7.284334705941232224e-01,7.318971659345747671e-01,8.881650416099748924e-01,7.073769282099606759e-01,9.198212551427024097e-01,7.110794681746809287e-01,5.569152503887740968e-01,9.960508314763770465e-02,5.979157067526058578e-01,8.313004752080070947e-01,4.770960982321116317e-01,7.958628832008363130e-01,5.304706498804109271e-01,0.000000000000000000e+00,6.252141095024263961e-01,6.563429849944958372e-01,9.100015432926441550e-01,8.928785285607204747e-01,8.936117064452352432e-01,8.640129934000159162e-01,5.838614478436198185e-01,5.952928740411553843e-01,4.378539034489434267e-01,8.484941679899633549e-01,8.239180547640853058e-01,8.587179170157512864e-01,9.387961184079876009e-01,8.202161469963684670e-01,8.422158643274992862e-01,9.008706389279755866e-01,8.590793624721769772e-01,6.573564679314592984e-01,6.932099957899140463e-01,9.269955996604478665e-01,0.000000000000000000e+00,8.017133070414668161e-01,8.773360699809577001e-01,8.958029675301266703e-01,9.447570098530988503e-01,8.996628720231503173e-01,8.417382160751400999e-01,6.537640555545933818e-01,2.397636286088701274e-01,4.857241311183052579e-01,1.196941509563037298e-01,5.070813443875228366e-01,0.000000000000000000e+00,0.000000000000000000e+00,4.764119397972061964e-01,4.947898098345922535e-01,6.928036288006801380e-01,6.038462643976011401e-01,8.877633773740871703e-01,5.540963431694122532e-01,6.729436818538135912e-01,2.582059872940890566e-01,9.129329932965295491e-01,9.624429301469895615e-01,3.251146631868628845e-01,3.243984392017658092e-01,8.491424379183830640e-01,9.372319290926031110e-01
6.378879619650150712e-01,6.756037121815986479e-01,6.555193211573447920e-01,7.174597552032103698e-01,4.978158317129696142e-01,4.519613953868839018e-01,5.979501849846515782e-01,6.247047927808949686e-01,0.000000000000000000e+00,6.515903150901439789e-01,3.332838276868487770e-01,3.567091825332267541e-01,4.001549316124927147e-01,3.684423122790662641e-01,6.356742227792911981e-01,5.767439105253217013e-01,4.563155227006001624e-01,6.610748193057962574e-01,6.016465365535768051e-01,0.000000000000000000e+00,6.466437745018962513e-01,1.754612903736828544e-01,7.183955784624020957e-01,3.411881992023528820e-01,6.692693311187944971e-01,4.519551625754215096e-01,3.598255799161355073e-01,2.193224323331851577e-01,5.686931085763281546e-01,5.610118360099389800e-01,7.058193746608394381e-01,5.334892605849796965e-01,6.881042644013553033e-01,6.065362356849721692e-01,2.377821900440015845e-01,0.000000000000000000e+00,3.298598069487413964e-01,5.491882917836500289e-01,3.105607596246707236e-01,4.649653011230920341e-01,3.661175970771483601e-01,0.000000000000000000e+00,5.201670197862721112e-01,6.616492305160642795e-01,6.746714508341676853e-01,7.125423077098265168e-01,6.365386031635785757e-01,7.073272380030406481e-01,5.400956271309655943e-01,6.436428844178661013e-01,4.706072188541191581e-01,7.193243179321713310e-01,6.982495578371193945e-01,6.221918124636993674e-01,5.317285254850703247e-01,6.414568141133487611e-01,5.382519686112852142e-01,6.355547057431781832e-01,6.562026511293329589e-01,5.017532677811368247e-01,3.986327057029676602e-01,7.112140552518636527e-01,0.000000000000000000e+00,7.529626367405520826e-01,6.347081116633231934e-01,7.377512544816667850e-01,7.093162381524547033e-01,6.033123276274564573e-01,6.466243229410596483e-01,6.448542931198497641e-01,4.082752986044624888e-01,5.069711019093788851e-01,3.066742129691192309e-01,4.734911301803332861e-01,0.000000000000000000e+00,0.000000000000000000e+00,5.138756880239347957e-01,5.143405159195990617e-01,6.123007802292871338e-01,5.370437896155252355e-01,7.161237509851833272e-01,2.878655717681199988e-01,5.171749182916272058e-01,1.760890991294805918e-01,7.176029834934815055e-01,6.643457865700866938e-01,1.061940117259440458e-01,0.000000000000000000e+00,3.675797913991071808e-01,6.973890039274773800e-01
8.646341199318118287e-01,8.422725459977956630e-01,8.512348600563001133e-01,8.841759143832926826e-01,8.678422488729038431e-01,9.040236087685269428e-01,9.083366188712566069e-01,9.405572042198632188e-01,6.515903150901439789e-01,0.000000000000000000e+00,6.561592381088425796e-01,7.275696059358388590e-01,7.943773479523708048e-01,7.977104134481596276e-01,9.153916443649259271e-01,9.154875450917454582e-01,5.096475672494266140e-01,8.870895873252139241e-01,8.678826477472050271e-01,3.803048016727787473e-01,7.550004475813018034e-01,1.726734515542490689e-01,8.881874401897978943e-01,6.687021548066761634e-01,6.668831737383146274e-01,6.630264681540810612e-01,4.344457950117691092e-01,5.545451702521599913e-01,6.550767760792719496e-01,6.404075990626575399e-01,8.499275735402551657e-01,6.775828103748439135e-01,8.586823384080215504e-01,6.179583856867607583e-01,5.302074843415960359e-01,0.000000000000000000e+00,4.433643638155422839e-01,7.125380247930378497e-01,3.520019593934784474e-01,6.773995133958776727e-01,3.999810745270160339e-01,0.000000000000000000e+00,5.934040258624203590e-01,6.132149858236364270e-01,8.692109058402817112e-01,8.389000993175494969e-01,8.289423581499162363e-01,8.087535591403954838e-01,5.181225281966000962e-01,5.441532916258856600e-01,3.627615481563685185e-01,7.985105536314029973e-01,7.883624359275481774e-01,8.155248320853994981e-01,8.936218565689659776e-01,7.196759492766569011e-01,8.087889887542754064e-01,8.571640183906549249e-01,8.021287015263465214e-01,6.002543682405609982e-01,6.304229795735161179e-01,8.828297040795716200e-01,0.000000000000000000e+00,7.682674280539267819e-01,8.103119715649772514e-01,8.641589493624521889e-01,9.084107583571594535e-01,8.374124829441697004e-01,7.809846136405030892e-01,5.665289450419864759e-01,1.402238903817938365e-01,3.703452935266883794e-01,0.000000000000000000e+00,3.655093289689217984e-01,0.000000000000000000e+00,0.000000000000000000e+00,3.668849732268807395e-01,3.788926248708756606e-01,6.611453744628063012e-01,5.478543202962922187e-01,8.509562544313744592e-01,4.485640544410682828e-01,6.714208613316563490e-01,1.873206325514696624e-01,8.934639117093157168e-01,9.144575099745815283e-01,2.669879936033845991e-01,3.980919031497394123e-01,8.358254660482761222e-01,8.972578154710931786e-01
6.116927617160758945e-01,5.790454843454839740e-01,6.838553836916435591e-01,5.380988644389459452e-01,7.847844482341814754e-01,7.437789140023595147e-01,7.882673077830337771e-01,6.945795144556413669e-01,3.332838276868487770e-01,6.561592381088425796e-01,0.000000000000000000e+00,7.390762249827496078e-01,8.442058742122745540e-01,8.100908929196708463e-01,6.971187784561728717e-01,6.600248701157630515e-01,4.518489612014943146e-01,6.230822545034466753e-01,6.864848965495503608e-01,5.992669204726911447e-01,4.920661072513416445e-01,0.000000000000000000e+00,5.840673645961583782e-01,6.785183673964497730e-01,3.344114781535223457e-01,4.530898583545108771e-01,3.792695137011756201e-01,5.690784835612908710e-01,5.542312751995444042e-01,4.669467170406970125e-01,5.627405570256579503e-01,4.877262441208426447e-01,6.218329549118812860e-01,5.075260246739402570e-01,7.063339267495502005e-01,4.467581563527238120e-01,5.217158311736319609e-01,5.744335485952390963e-01,2.930619731012791829e-01,5.230651037104714351e-01,4.069234301867208359e-01,0.000000000000000000e+00,3.528904362119761884e-01,2.490134024687156722e-01,5.898565655466887492e-01,5.033974849218730840e-01,5.358796296175387663e-01,5.104313054828821805e-01,1.887805573647836632e-01,1.666743267994243993e-01,0.000000000000000000e+00,4.343257484365322663e-01,3.357086462886686440e-01,5.584711635957153586e-01,6.117899694935268196e-01,4.226109246903168581e-01,6.840072239991576986e-01,6.433784830326986226e-01,4.753742359138522500e-01,4.119713093598714737e-01,6.245945445606088109e-01,5.216261181141265135e-01,4.367398795677376322e-01,3.911709768799581100e-01,5.431427116328270133e-01,4.780513685109848421e-01,6.176311335061550611e-01,7.502495852658674913e-01,5.974103471707457036e-01,3.744552363638852244e-01,0.000000000000000000e+00,1.381327669455159335e-01,0.000000000000000000e+00,2.127763022599171716e-01,0.000000000000000000e+00,0.000000000000000000e+00,1.606927705836598552e-01,1.585891481497733735e-01,4.512322751561168577e-01,3.957679194625585706e-01,6.022928329976698913e-01,7.525094017900356702e-01,5.158536542467658803e-01,2.230709217885407381e-01,5.080673555388866003e-01,6.800608736560985745e-01,1.767301958274139773e-01,4.915278679539291651e-01,7.231558487070880448e-01,5.504042255983443432e-01
6.883170740150341693e-01,6.670338536143018970e-01,6.918581554513654197e-01,6.417161171211898107e-01,7.813110218511450933e-01,8.004536406169273643e-01,7.730312540852977143e-01,7.681583772508027153e-01,3.567091825332267541e-01,7.275696059358388590e-01,7.390762249827496078e-01,0.000000000000000000e+00,8.058726357393378725e-01,8.528007940222828154e-01,7.463448863721506843e-01,7.956096824238936271e-01,4.609439053620600357e-01,7.178387615376552455e-01,7.261415684953862471e-01,5.341279109501144706e-01,5.406019539983361044e-01,1.155643764880912305e-01,6.515183953991644517e-01,6.232173624514421029e-01,4.211081996864884380e-01,5.189424413311848339e-01,2.937082132328129314e-01,4.724285637706086005e-01,5.593779490528172360e-01,5.734057086286628024e-01,6.484003434308529545e-01,6.025173571842673548e-01,6.833091643941262561e-01,5.023811294977168496e-01,6.096614302866742996e-01,2.505251353301530259e-01,5.178975174913499346e-01,6.720539638367073465e-01,3.433302664639475976e-01,5.900331609432962754e-01,3.357138394732523401e-01,0.000000000000000000e+00,4.291056092364904373e-01,3.570870651570131060e-01,6.588648398824467067e-01,5.934555975272698403e-01,6.503308347165602799e-01,5.998070119925977828e-01,3.268458079850014575e-01,2.696120704137184854e-01,1.484180945048463596e-01,5.329739601349632316e-01,5.008398912349554255e-01,6.174931122600152422e-01,7.221976118365160957e-01,5.263454008289776276e-01,7.539118830933607684e-01,7.265246171857666635e-01,6.145488568186672218e-01,4.455653677938104518e-01,6.515503096070480726e-01,6.353973729511881441e-01,2.628140519294145383e-01,4.978436252568165243e-01,6.283778864972774381e-01,5.870087309616411897e-01,6.917870980611559029e-01,7.473134671406888030e-01,6.521353309341261228e-01,4.068639129143099553e-01,0.000000000000000000e+00,2.390750889455205141e-01,0.000000000000000000e+00,2.893564681618523426e-01,0.000000000000000000e+00,0.000000000000000000e+00,2.240277052285168935e-01,2.486134171035827567e-01,4.394732880732412084e-01,3.617818670419503668e-01,6.626711141049256293e-01,6.442311554109495519e-01,4.461910671644445658e-01,1.697033013818161351e-01,6.305222388055029548e-01,7.516448112012087401e-01,3.356055165929027750e-01,4.280399761895129496e-01,8.146205128661132555e-01,6.652991615824647154e-01
7.159065325123584733e-01,6.686953038834374530e-01,7.921233359146157005e-01,6.523620512027016316e-01,8.938354682537221763e-01,8.766684370853042862e-01,8.965726229471445707e-01,8.220748980857610633e-01,4.001549316124927147e-01,7.943773479523708048e-01,8.442058742122745540e-01,8.058726357393378725e-01,0.000000000000000000e+00,8.911785473524059809e-01,8.263825027543704183e-01,8.091100279675054185e-01,4.566794293350250333e-01,7.304510051001084081e-01,7.951390262389967933e-01,6.081292755637806025e-01,6.063047933328467032e-01,6.118235108062287930e-02,6.832711517965970316e-01,7.509469448889589671e-01,4.182284631634817229e-01,5.426028963391956728e-01,4.102406559882188497e-01,6.187635770970005833e-01,5.806327391930931059e-01,5.244906927135642993e-01,6.797638808207179251e-01,5.770121321206940213e-01,7.321297448114878481e-01,5.525293242318567444e-01,7.643614739259337876e-01,3.428283454735235880e-01,5.713621321646751294e-01,6.486202855537126499e-01,3.645714317545211136e-01,6.348420681451547587e-01,4.680164632081711962e-01,0.000000000000000000e+00,3.948454899994068290e-01,3.032334246013583812e-01,6.968070508037551569e-01,6.066412081344839669e-01,6.466317685665883275e-01,6.054768231319515026e-01,2.486300188787031185e-01,2.217304548962204802e-01,8.358577593923410820e-02,5.334576673820566883e-01,4.540190145399498056e-01,6.343475928875966785e-01,7.666027878833394649e-01,5.145886947468673034e-01,7.526261886660350342e-01,7.375495171394221838e-01,5.781988204571695267e-01,4.739449679317402353e-01,6.978318745010465562e-01,6.500020959895717043e-01,3.902342534254381046e-01,4.947885015606163228e-01,6.587781528311000834e-01,5.996749522325512949e-01,7.354236462995284995e-01,8.336777117291236383e-01,6.568582878644894096e-01,3.999586340825720954e-01,0.000000000000000000e+00,1.415286474769104075e-01,0.000000000000000000e+00,1.930976055801739144e-01,0.000000000000000000e+00,0.000000000000000000e+00,1.550969000234728723e-01,1.593223768466464352e-01,4.837999370784380471e-01,4.044055001306205988e-01,7.015596202655037805e-01,7.144464523205115158e-01,5.802758713419202685e-01,2.466228435276161812e-01,6.285858834042180598e-01,7.870613899448405393e-01,1.916916028293418339e-01,5.126866026626214490e-01,8.221312781578011819e-01,6.839286060643970933e-01
7.433560432416588259e-01,7.036657035927892379e-01,7.609751925276306839e-01,6.642538604357226539e-01,8.719211870244487628e-01,8.758179844468012565e-01,8.678305158044616885e-01,8.424010717221921407e-01,3.684423122790662641e-01,7.977104134481596276e-01,8.100908929196708463e-01,8.528007940222828154e-01,8.911785473524059809e-01,0.000000000000000000e+00,8.294166202427419865e-01,8.630263508290996199e-01,4.353748981337746127e-01,7.405637325685197059e-01,7.985006261239290248e-01,6.355700375857977757e-01,5.930467311243590167e-01,1.239886066019033201e-01,6.934061553221608776e-01,7.582947741699039845e-01,4.365426557498022220e-01,5.897912391138574462e-01,3.950775540842403344e-01,5.776001554722293152e-01,5.515839140177269950e-01,5.684058277591741426e-01,6.861802302755455329e-01,5.950176420145456557e-01,7.420480653935501714e-01,5.614572324763120736e-01,7.029494947334024024e-01,2.896174330208701742e-01,5.670523714417783356e-01,6.931857461284406385e-01,3.634526407632625022e-01,6.706751614801179651e-01,3.885551088273540010e-01,0.000000000000000000e+00,4.492999528136807363e-01,3.363257815150574870e-01,7.202158116922499076e-01,6.305441278683614481e-01,6.807554051812848561e-01,6.182099374451179852e-01,3.206279966668899029e-01,2.534746000579021774e-01,1.080892962268959062e-01,5.543843194859708889e-01,5.195575572756440108e-01,6.612623611016772429e-01,8.018447462651404622e-01,5.443710506685934813e-01,7.840876168287560510e-01,7.631625668472665769e-01,6.248519726021072307e-01,5.024654740774885386e-01,6.939136201574275242e-01,6.696786919003724359e-01,3.606695533521298569e-01,4.995098516133132938e-01,6.655523358706406656e-01,6.150412519705378278e-01,7.361967992071478673e-01,8.174036680351829398e-01,6.868548686829818450e-01,4.172706347998634269e-01,0.000000000000000000e+00,2.021924853092203211e-01,0.000000000000000000e+00,2.456673615111834574e-01,0.000000000000000000e+00,0.000000000000000000e+00,1.897250973712194810e-01,2.075466078706788564e-01,4.521162128798839608e-01,3.971369884281900631e-01,6.810694949092298556e-01,6.849626642690628264e-01,5.419072432897836800e-01,2.688766272102902088e-01,6.385570827103447256e-01,7.867859866961192106e-01,2.619561087856615011e-01,4.991226714917348373e-01,8.880191980152469799e-01,6.985874841901285048e-01
8.713609808114144428e-01,8.610151457334743741e-01,8.857012207445343899e-01,8.824039553502459610e-01,8.614501356695523082e-01,8.628401543423901421e-01,9.215825430661590545e-01,9.349377090361870035e-01,6.356742227792911981e-01,9.153916443649259271e-01,6.971187784561728717e-01,7.463448863721506843e-01,8.263825027543704183e-01,8.294166202427419865e-01,0.000000000000000000e+00,9.173883498835734285e-01,5.527437328921361859e-01,8.799881288356017350e-01,8.797794882354269541e-01,4.353174881741642688e-01,7.531927420249562299e-01,2.236310683357067564e-01,8.842870696844158385e-01,7.185307250619792363e-01,7.008274888944240333e-01,6.959571229416171567e-01,4.809623313388326493e-01,5.482104276798079878e-01,6.838851676116152190e-01,7.033873182945095115e-01,8.566341925974840787e-01,6.864754778216407560e-01,8.848854946022099988e-01,6.967709436316533722e-01,5.982608274763872025e-01,1.343589924190479179e-01,5.892120178888682336e-01,7.879752962865547161e-01,4.508857552772446708e-01,7.756629775448994346e-01,5.156899234749181549e-01,0.000000000000000000e+00,5.892621335288840134e-01,6.354573182014674471e-01,8.786774613662876598e-01,8.471122668524290189e-01,8.384126853957718506e-01,8.432284353919571318e-01,5.405133382564413225e-01,5.548057221155786589e-01,3.778291783859220043e-01,7.938489810310767059e-01,7.553412396615595270e-01,8.085506336585812637e-01,8.743751861413980864e-01,7.666574752108736845e-01,8.210702313439327549e-01,8.727282387292316645e-01,8.189956367232315015e-01,6.594935428735905214e-01,6.645474355527514199e-01,8.688511752627101625e-01,0.000000000000000000e+00,7.666428848607290680e-01,8.139483391385785582e-01,8.417290793682233874e-01,9.132773663097386585e-01,9.014712462687025640e-01,8.124190970837910086e-01,6.090151852822668355e-01,1.595934861751965583e-01,4.025087791328076925e-01,0.000000000000000000e+00,4.166124617668414687e-01,0.000000000000000000e+00,0.000000000000000000e+00,3.959765854799928708e-01,4.052723292424690316e-01,6.712731220267245114e-01,5.860108885227975906e-01,8.605756547506455689e-01,5.492731553966623270e-01,6.904171912362326857e-01,2.562538264058241144e-01,8.565243883457165364e-01,9.155359551246862182e-01,2.705098765715156506e-01,3.003320402325408978e-01,8.059590387980712922e-01,8.906703887233499151e-01
8.557050817213783800e-01,8.342136686200952722e-01,8.280793220605633387e-01,8.448792988182940444e-01,8.400288196827699894e-01,8.858214626824916227e-01,8.940269035996321056e-01,9.345661037598659293e-01,5.767439105253217013e-01,9.154875450917454582e-01,6.600248701157630515e-01,7.956096824238936271e-01,8.091100279675054185e-01,8.630263508290996199e-01,9.173883498835734285e-01,0.000000000000000000e+00,4.963347268814091717e-01,8.599933477793902936e-01,8.552624307007393734e-01,4.560001835976438822e-01,7.104237813735566620e-01,1.950874377327722620e-01,8.496474944873404489e-01,7.311835029402770081e-01,6.336293655369101829e-01,6.853135626047471840e-01,3.846956336120042064e-01,5.220163885802895365e-01,6.033592355510190020e-01,6.638081087134952707e-01,8.286700313219619307e-01,6.835779797636247768e-01,8.493949548786472459e-01,6.221180979986599136e-01,5.555665808232262970e-01,8.592581564347272216e-02,5.261896794631760743e-01,7.815448803676180445e-01,4.296047206008849484e-01,7.550342407720483928e-01,4.199081546608896542e-01,0.000000000000000000e+00,5.697118836644169404e-01,5.908276481506170574e-01,8.615825655986660836e-01,8.213044488072701599e-01,8.325820485596463483e-01,7.930438254893211747e-01,5.085808357424608239e-01,5.044899482718289141e-01,3.331330969023902355e-01,7.593228270683960446e-01,7.523123689742104991e-01,7.970423858561763719e-01,9.167498913526734849e-01,7.418719957342180260e-01,8.171572500146377926e-01,8.550862416332437599e-01,7.990429672961080199e-01,6.178303380264243971e-01,6.607276985591402640e-01,8.502979403278341231e-01,0.000000000000000000e+00,7.072327504530612208e-01,7.936237690181011661e-01,8.171740958136591848e-01,8.804816732631366438e-01,8.544029988836011613e-01,7.699754256221836846e-01,5.350316761285119904e-01,1.155208760328528678e-01,3.644442353250837985e-01,0.000000000000000000e+00,3.768555710678556658e-01,0.000000000000000000e+00,0.000000000000000000e+00,3.432799639089711419e-01,3.624328160923850906e-01,5.927188705685578762e-01,5.115801338909563567e-01,8.041165248639896568e-01,4.941497574042464924e-01,6.193964631697084222e-01,2.421033961229189235e-01,8.417358538050978556e-01,8.998208716101374627e-01,3.295955985935785093e-01,3.373914131273723083e-01,8.699658049520246905e-01,8.684278304050233599e-01
6.971744871539793387e-01,7.013859285654091558e-01,5.944882694762764208e-01,6.546367337730980562e-01,4.550353094496157880e-01,4.229678830921374533e-01,5.647100937038097568e-01,5.883157851846695374e-01,4.563155227006001624e-01,5.096475672494266140e-01,4.518489612014943146e-01,4.609439053620600357e-01,4.566794293350250333e-01,4.353748981337746127e-01,5.527437328921361859e-01,4.963347268814091717e-01,0.000000000000000000e+00,7.141600077617832332e-01,6.019563397746349187e-01,1.848557855970954511e-01,4.669203028783677212e-01,1.558358509537376702e-01,6.438616475126026639e-01,1.938432863941500217e-01,6.169241133787630726e-01,3.759371118829441527e-01,3.771137903802058711e-01,2.520645419063316517e-01,7.485874027761260097e-01,6.997802735948978059e-01,5.568824883907428358e-01,4.384982446774525755e-01,6.928562696233911966e-01,6.913269225560317865e-01,2.992160467317981354e-01,1.874403599430374545e-01,5.690445236449572786e-01,6.594763266409991997e-01,3.418557054694755792e-01,5.891020618848343826e-01,5.332062578176248735e-01,0.000000000000000000e+00,5.128909019685752302e-01,6.171334688315910366e-01,6.230170550590339307e-01,6.553768479801265201e-01,6.510781287767266612e-01,6.444997288281973935e-01,5.869267992531580491e-01,5.706234230576687771e-01,5.633423650027590268e-01,6.532083753021328265e-01,5.996577730123677785e-01,5.791295421749874661e-01,4.922272366259843879e-01,6.502156070894411499e-01,7.019168714479209203e-01,7.366152216376364859e-01,7.086975349014920100e-01,5.041945024928060626e-01,4.456733980485539925e-01,6.530151439877538433e-01,0.000000000000000000e+00,7.057686540269402231e-01,6.555850227914555850e-01,6.423143345431575613e-01,6.751750520805880340e-01,6.348058045175809516e-01,7.406486229991312564e-01,7.130569807380332525e-01,4.818774579369775601e-01,5.877013224794276347e-01,3.958689546112071356e-01,5.939132226212466836e-01,1.888040783853796589e-01,0.000000000000000000e+00,6.260339490638545668e-01,6.330367836690047323e-01,7.491227539783883449e-01,7.408068429359585538e-01,7.276417815178110038e-01,5.380287829662911969e-01,5.780058031424933906e-01,1.858359978328393558e-01,6.599088036092031206e-01,6.621709799945586505e-01,3.325402539934502744e-01,1.070594559144238955e-01,4.004542980402001073e-01,6.367663693714146200e-01
