0.000000000000000000e+00,8.348941884018328263e-01,8.639255575058586434e-01,7.649549438747119678e-01,0.000000000000000000e+00,0.000000000000000000e+00,8.657145682284799193e-01,7.346314318785381881e-01,0.000000000000000000e+00,4.453502045275724575e-01,1.692721857968284560e-01,4.529060877823947173e-01,5.225069812772190625e-01,0.000000000000000000e+00,0.000000000000000000e+00,0.000000000000000000e+00,0.000000000000000000e+00,3.161147428112889290e-01,8.037439641528338896e-01,8.238783924903471112e-01,0.000000000000000000e+00,0.000000000000000000e+00,6.946021947931866336e-01,6.322886900827855428e-01,9.888295490914021657e-02,1.634642654490069957e-01,0.000000000000000000e+00,1.311664488726441147e-01,0.000000000000000000e+00,1.922466662335046428e-01,3.531709744607554602e-01,3.662678520196947507e-01,4.733466446171049058e-01,3.688490559565866800e-01,0.000000000000000000e+00,0.000000000000000000e+00,0.000000000000000000e+00,0.000000000000000000e+00,0.000000000000000000e+00,0.000000000000000000e+00,0.000000000000000000e+00,0.000000000000000000e+00,0.000000000000000000e+00,0.000000000000000000e+00,0.000000000000000000e+00,0.000000000000000000e+00,0.000000000000000000e+00,0.000000000000000000e+00,0.000000000000000000e+00,0.000000000000000000e+00,1.436503165376872559e-01,2.788406230292996280e-01,0.000000000000000000e+00,0.000000000000000000e+00,8.413446094365575889e-02,0.000000000000000000e+00,9.102036287027177597e-01,6.336774527780228983e-01,4.706623510479791550e-01,6.144299171794075365e-01,1.901440711322063548e-01,4.887899555519598649e-01,0.000000000000000000e+00,4.874473135145017122e-01,0.000000000000000000e+00,2.559801094937476096e-01,6.696971007819674249e-01,8.003616488205163304e-02,7.621247281953634767e-01,6.832902998286606300e-01,3.958614806674878861e-01,1.546289227433498004e-01,0.000000000000000000e+00,1.146399739161605286e-01,0.000000000000000000e+00,0.000000000000000000e+00,0.000000000000000000e+00,0.000000000000000000e+00,1.109561335483466860e-01,0.000000000000000000e+00,0.000000000000000000e+00,0.000000000000000000e+00,0.000000000000000000e+00,0.000000000000000000e+00,0.000000000000000000e+00,0.000000000000000000e+00,0.000000000000000000e+00,0.000000000000000000e+00,0.000000000000000000e+00,0.000000000000000000e+00
8.348941884018328263e-01,0.000000000000000000e+00,7.268247703409205229e-01,8.744078934697581129e-01,0.000000000000000000e+00,0.000000000000000000e+00,8.143094769695579105e-01,8.607900037137227178e-01,0.000000000000000000e+00,7.131502818148012235e-01,2.370484419757210859e-01,7.108281457996006303e-01,8.138612500237432101e-01,0.000000000000000000e+00,0.000000000000000000e+00,0.000000000000000000e+00,0.000000000000000000e+00,6.153562442761496554e-01,8.292749337114065922e-01,9.386579920365704099e-01,0.000000000000000000e+00,9.934275938454817378e-02,7.684351920466269137e-01,6.479093104913272727e-01,3.803830681390333868e-01,1.458618447342265867e-01,0.000000000000000000e+00,2.983090312667104338e-01,0.000000000000000000e+00,4.423099177195307652e-01,4.780864450494008433e-01,4.329276521467402827e-01,5.732267773721710924e-01,6.311478039445390653e-01,0.000000000000000000e+00,3.051219830970864355e-01,1.072882580144564474e-01,0.000000000000000000e+00,0.000000000000000000e+00,0.000000000000000000e+00,0.000000000000000000e+00,0.000000000000000000e+00,0.000000000000000000e+00,1.814317120122392879e-01,0.000000000000000000e+00,3.438990119453660399e-01,0.000000000000000000e+00,0.000000000000000000e+00,0.000000000000000000e+00,4.075490108745110640e-01,4.703003640946540886e-01,5.057233806829486422e-01,2.242741431921355111e-01,0.000000000000000000e+00,3.739830618664429229e-01,0.000000000000000000e+00,8.695155484514482946e-01,9.083468534443457365e-01,5.554123070958156827e-01,7.566229603378207269e-01,0.000000000000000000e+00,6.732791537646555247e-01,0.000000000000000000e+00,7.530832710586495837e-01,0.000000000000000000e+00,6.245625515997176302e-01,7.895668396928706700e-01,4.179556238837389137e-01,8.324108761840453008e-01,8.549731175521447790e-01,4.474915458626744780e-01,2.746609439891231075e-01,0.000000000000000000e+00,1.946431069674464942e-01,0.000000000000000000e+00,0.000000000000000000e+00,0.000000000000000000e+00,0.000000000000000000e+00,3.674169784602423494e-01,1.519076852463801530e-01,0.000000000000000000e+00,2.022031600464125056e-01,0.000000000000000000e+00,0.000000000000000000e+00,0.000000000000000000e+00,0.000000000000000000e+00,0.000000000000000000e+00,0.000000000000000000e+00,3.182095614858664878e-01,0.000000000000000000e+00
8.639255575058586434e-01,7.268247703409205229e-01,0.000000000000000000e+00,8.050030300575534703e-01,0.000000000000000000e+00,0.000000000000000000e+00,9.016752265475431738e-01,7.273001796728781887e-01,0.000000000000000000e+00,4.234039103490075395e-01,0.000000000000000000e+00,3.624654955647313992e-01,4.282416791703764214e-01,0.000000000000000000e+00,0.000000000000000000e+00,0.000000000000000000e+00,0.000000000000000000e+00,2.005594205114452355e-01,8.125696441783194501e-01,8.057450895845936767e-01,0.000000000000000000e+00,0.000000000000000000e+00,7.576606158712703154e-01,6.770665932875183923e-01,1.331073557563784149e-01,1.805453107694215131e-01,0.000000000000000000e+00,1.338432581512203345e-01,0.000000000000000000e+00,1.689150831231070182e-01,3.927279014715931438e-01,3.728924175831430099e-01,4.116163895770643122e-01,3.767190252187135879e-01,0.000000000000000000e+00,0.000000000000000000e+00,0.000000000000000000e+00,0.000000000000000000e+00,0.000000000000000000e+00,0.000000000000000000e+00,0.000000000000000000e+00,0.000000000000000000e+00,0.000000000000000000e+00,0.000000000000000000e+00,0.000000000000000000e+00,0.000000000000000000e+00,0.000000000000000000e+00,0.000000000000000000e+00,0.000000000000000000e+00,0.000000000000000000e+00,0.000000000000000000e+00,2.683631863473391332e-01,0.000000000000000000e+00,0.000000000000000000e+00,0.000000000000000000e+00,0.000000000000000000e+00,7.191253895940273866e-01,4.716055479729120425e-01,4.220425852131703959e-01,5.787048150865164997e-01,1.055286753793488602e-01,4.075722152812567556e-01,0.000000000000000000e+00,3.996215692359326166e-01,0.000000000000000000e+00,1.999714646787767447e-01,5.543566712568344101e-01,0.000000000000000000e+00,5.897580483117075278e-01,5.531945769042400096e-01,4.189877454385301236e-01,1.867843373686498554e-01,0.000000000000000000e+00,1.261429221631967801e-01,0.000000000000000000e+00,0.000000000000000000e+00,0.000000000000000000e+00,0.000000000000000000e+00,0.000000000000000000e+00,0.000000000000000000e+00,0.000000000000000000e+00,0.000000000000000000e+00,0.000000000000000000e+00,0.000000000000000000e+00,0.000000000000000000e+00,0.000000000000000000e+00,0.000000000000000000e+00,0.000000000000000000e+00,0.000000000000000000e+00,0.000000000000000000e+00
7.649549438747119678e-01,8.744078934697581129e-01,8.050030300575534703e-01,0.000000000000000000e+00,0.000000000000000000e+00,0.000000000000000000e+00,7.749379010225422304e-01,7.506744265452588438e-01,0.000000000000000000e+00,7.338099264838072733e-01,1.942976955570586139e-01,6.011140319705062796e-01,7.572916804781978373e-01,0.000000000000000000e+00,0.000000000000000000e+00,0.000000000000000000e+00,0.000000000000000000e+00,5.298785711967091139e-01,8.272257013181274488e-01,9.116446362977501661e-01,0.000000000000000000e+00,1.894895453365995908e-01,8.144304874175941622e-01,7.298483392899125510e-01,4.335419796148616278e-01,2.250630732756628560e-01,0.000000000000000000e+00,4.230630733953805733e-01,0.000000000000000000e+00,4.441410116328750046e-01,5.000966891626943411e-01,4.656417225775491553e-01,5.254675068311160935e-01,6.076312432058225133e-01,0.000000000000000000e+00,3.131143204573176853e-01,1.943189721617506471e-01,0.000000000000000000e+00,0.000000000000000000e+00,0.000000000000000000e+00,0.000000000000000000e+00,0.000000000000000000e+00,0.000000000000000000e+00,2.092211815555183874e-01,0.000000000000000000e+00,3.419789076530548311e-01,0.000000000000000000e+00,0.000000000000000000e+00,0.000000000000000000e+00,3.950912513083571498e-01,4.636903740664160556e-01,5.279130095835726788e-01,2.181150899082897610e-01,0.000000000000000000e+00,3.996265694307313265e-01,0.000000000000000000e+00,7.377623324075396338e-01,7.725811636222512657e-01,5.162941247428707303e-01,6.679976086154412185e-01,0.000000000000000000e+00,6.350143849075368108e-01,0.000000000000000000e+00,6.931679262297648636e-01,0.000000000000000000e+00,5.995813926218753753e-01,7.068890983927399452e-01,3.771611771548947223e-01,7.622114760220264351e-01,7.620095702414987349e-01,4.489904865055657224e-01,2.768764041718582702e-01,0.000000000000000000e+00,2.484450898772064542e-01,0.000000000000000000e+00,1.061297611420737169e-01,0.000000000000000000e+00,0.000000000000000000e+00,3.075515888612215254e-01,1.431870636159543464e-01,0.000000000000000000e+00,1.909704200627704296e-01,1.375459604366393307e-01,0.000000000000000000e+00,0.000000000000000000e+00,0.000000000000000000e+00,9.907815105001770151e-02,0.000000000000000000e+00,3.598963067612618305e-01,0.000000000000000000e+00
0.000000000000000000e+00,0.000000000000000000e+00,0.000000000000000000e+00,0.000000000000000000e+00,0.000000000000000000e+00,6.599024616914547225e-01,0.000000000000000000e+00,0.000000000000000000e+00,6.761590744281139598e-01,0.000000000000000000e+00,0.000000000000000000e+00,0.000000000000000000e+00,0.000000000000000000e+00,7.426799315514885647e-02,0.000000000000000000e+00,0.000000000000000000e+00,4.953670861211746379e-01,0.000000000000000000e+00,0.000000000000000000e+00,0.000000000000000000e+00,5.315728350805175584e-01,0.000000000000000000e+00,0.000000000000000000e+00,0.000000000000000000e+00,0.000000000000000000e+00,7.119659527594086879e-02,6.628058870704571781e-01,0.000000000000000000e+00,1.500686782451980672e-01,0.000000000000000000e+00,0.000000000000000000e+00,0.000000000000000000e+00,0.000000000000000000e+00,0.000000000000000000e+00,3.121351401817455407e-01,0.000000000000000000e+00,0.000000000000000000e+00,1.650792224968568311e-01,6.664837187351831949e-01,5.612399255807968279e-01,6.810048397369358186e-01,7.617280401435654047e-02,3.325167963196555276e-01,0.000000000000000000e+00,2.185879424683352668e-01,0.000000000000000000e+00,5.007917835333909329e-01,3.169269217310304310e-01,1.971832329382665061e-01,0.000000000000000000e+00,0.000000000000000000e+00,0.000000000000000000e+00,0.000000000000000000e+00,1.741148930670723960e-01,0.000000000000000000e+00,5.762740924614427884e-01,0.000000000000000000e+00,0.000000000000000000e+00,0.000000000000000000e+00,0.000000000000000000e+00,1.077242896078435541e-01,0.000000000000000000e+00,5.694236663936786957e-01,0.000000000000000000e+00,5.910373980719831888e-01,0.000000000000000000e+00,0.000000000000000000e+00,0.000000000000000000e+00,0.000000000000000000e+00,0.000000000000000000e+00,0.000000000000000000e+00,0.000000000000000000e+00,0.000000000000000000e+00,0.000000000000000000e+00,0.000000000000000000e+00,0.000000000000000000e+00,1.909095898455648310e-01,0.000000000000000000e+00,0.000000000000000000e+00,0.000000000000000000e+00,3.964882381218226004e-01,0.000000000000000000e+00,2.158838170461752359e-01,2.239679019838735907e-01,5.578567969735687138e-01,2.946084909764521420e-01,9.219605662327882978e-02,1.866670966234718898e-01,0.000000000000000000e+00,4.004117523274514645e-01
0.000000000000000000e+00,0.000000000000000000e+00,0.000000000000000000e+00,0.000000000000000000e+00,6.599024616914547225e-01,0.000000000000000000e+00,0.000000000000000000e+00,0.000000000000000000e+00,7.427508592333540438e-01,0.000000000000000000e+00,2.062140759109433175e-01,0.000000000000000000e+00,0.000000000000000000e+00,2.000768422302753036e-01,2.748049100994105487e-01,2.858365209861871148e-01,4.973584542483466819e-01,0.000000000000000000e+00,0.000000000000000000e+00,0.000000000000000000e+00,6.069938574765587624e-01,3.833641932924559681e-01,0.000000000000000000e+00,0.000000000000000000e+00,2.828898596606845284e-01,2.610936407092642741e-01,7.809786672825917986e-01,3.732732493905889792e-01,3.419818748530726871e-01,0.000000000000000000e+00,0.000000000000000000e+00,0.000000000000000000e+00,0.000000000000000000e+00,0.000000000000000000e+00,4.170253269895214387e-01,1.696701272428506047e-01,3.755075811452492363e-01,4.566019703585760259e-01,7.188874689114528316e-01,5.837201740596490440e-01,6.708994113225180689e-01,2.816748693411899040e-01,4.352149563322518788e-01,4.316629523512660604e-01,4.598499996016395808e-01,2.877046704719458670e-01,6.757788482744957470e-01,6.397660482168318064e-01,3.424101412928246546e-01,2.207650392604460776e-01,2.247716672229058688e-01,1.140147800969426861e-01,4.036779647963122386e-01,4.276923829466363625e-01,2.401909508809284555e-01,5.438119840374002756e-01,0.000000000000000000e+00,0.000000000000000000e+00,0.000000000000000000e+00,0.000000000000000000e+00,0.000000000000000000e+00,0.000000000000000000e+00,8.553598253976783805e-02,0.000000000000000000e+00,2.912524620952349208e-01,0.000000000000000000e+00,0.000000000000000000e+00,1.928069598404256457e-01,0.000000000000000000e+00,0.000000000000000000e+00,0.000000000000000000e+00,1.039252103386069936e-01,2.454410347491793043e-01,0.000000000000000000e+00,1.406294263333845163e-01,1.093175625079133434e-01,4.322663995806595438e-01,2.726815549038313358e-01,0.000000000000000000e+00,2.863524965703752034e-01,2.735930536328101681e-01,2.792609636611231849e-01,3.840305437738406047e-01,3.753667220453906217e-01,5.664372176126765135e-01,5.929821843641989165e-01,1.409908813000741445e-01,2.876477942175235114e-01,2.969217326633437071e-01,1.137264279787240373e-01
8.657145682284799193e-01,8.143094769695579105e-01,9.016752265475431738e-01,7.749379010225422304e-01,0.000000000000000000e+00,0.000000000000000000e+00,0.000000000000000000e+00,8.904805639921318239e-01,0.000000000000000000e+00,5.329375264175899574e-01,1.851291061208350797e-01,5.398914243386084832e-01,5.987296132168670182e-01,0.000000000000000000e+00,0.000000000000000000e+00,0.000000000000000000e+00,0.000000000000000000e+00,3.132164813027239481e-01,8.366494364355616664e-01,8.290935278019347932e-01,0.000000000000000000e+00,0.000000000000000000e+00,8.220226239918017042e-01,7.058945178111429852e-01,1.879541265041517195e-01,1.283188148508875304e-01,0.000000000000000000e+00,2.010079458274270092e-01,0.000000000000000000e+00,2.372704154542902288e-01,5.309648593651228321e-01,4.782608737009100275e-01,5.281119925845221275e-01,5.101016162349790717e-01,0.000000000000000000e+00,1.469689433831338210e-01,0.000000000000000000e+00,0.000000000000000000e+00,0.000000000000000000e+00,0.000000000000000000e+00,0.000000000000000000e+00,0.000000000000000000e+00,0.000000000000000000e+00,0.000000000000000000e+00,0.000000000000000000e+00,7.802425379298416619e-02,0.000000000000000000e+00,0.000000000000000000e+00,0.000000000000000000e+00,1.416704013205249413e-01,1.771790343451963845e-01,3.124035303968456523e-01,0.000000000000000000e+00,0.000000000000000000e+00,1.788255924440850242e-01,0.000000000000000000e+00,7.414856193987903188e-01,5.733605413774141013e-01,5.414703237678859526e-01,6.682794285329916040e-01,1.587744053600746441e-01,4.782370307534743459e-01,0.000000000000000000e+00,5.044239623711228582e-01,0.000000000000000000e+00,3.121971463405287528e-01,6.579653149229839348e-01,1.425994560691027924e-01,5.960209540293998076e-01,6.086270886697580096e-01,4.912834809440726480e-01,2.662021847095801808e-01,0.000000000000000000e+00,8.325726785985289313e-02,0.000000000000000000e+00,0.000000000000000000e+00,0.000000000000000000e+00,0.000000000000000000e+00,1.376971345704346428e-01,0.000000000000000000e+00,0.000000000000000000e+00,0.000000000000000000e+00,0.000000000000000000e+00,0.000000000000000000e+00,0.000000000000000000e+00,0.000000000000000000e+00,0.000000000000000000e+00,0.000000000000000000e+00,1.243822235510982366e-01,0.000000000000000000e+00
7.346314318785381881e-01,8.607900037137227178e-01,7.273001796728781887e-01,7.506744265452588438e-01,0.000000000000000000e+00,0.000000000000000000e+00,8.904805639921318239e-01,0.000000000000000000e+00,0.000000000000000000e+00,6.459179185465786510e-01,3.363464879187109124e-01,7.851360809447394118e-01,7.770948143589232471e-01,2.138638440908099125e-01,1.259282125457365231e-01,9.877027844343513885e-02,0.000000000000000000e+00,5.493992796606363971e-01,8.020375275408889726e-01,8.223992690853110243e-01,0.000000000000000000e+00,9.533789334848424835e-02,8.214157639318658832e-01,6.951574036630375764e-01,3.201143185604485852e-01,8.709342491823107713e-02,0.000000000000000000e+00,2.379779351498257645e-01,0.000000000000000000e+00,4.131659975691041597e-01,6.184090287470916936e-01,5.522127095430907628e-01,6.285012184720353279e-01,6.811959407951904133e-01,0.000000000000000000e+00,3.062070841983901559e-01,8.645563776029445424e-02,0.000000000000000000e+00,0.000000000000000000e+00,0.000000000000000000e+00,0.000000000000000000e+00,0.000000000000000000e+00,0.000000000000000000e+00,1.650452091066318960e-01,0.000000000000000000e+00,3.275552919670408070e-01,0.000000000000000000e+00,0.000000000000000000e+00,0.000000000000000000e+00,3.833019192082314230e-01,4.154396143421411614e-01,4.554752001598056377e-01,1.768790756526516517e-01,0.000000000000000000e+00,3.649244406726480650e-01,0.000000000000000000e+00,7.006710774857261015e-01,7.056302496021696902e-01,6.381774029830817874e-01,6.941758292418593879e-01,1.210320379576254463e-01,5.580276638582211124e-01,0.000000000000000000e+00,6.987844536263727591e-01,0.000000000000000000e+00,5.536210437344062374e-01,7.252199161912490366e-01,3.644839224484026641e-01,5.930937964303388821e-01,6.358038658146126787e-01,5.363333372081958705e-01,3.953358260251301215e-01,0.000000000000000000e+00,1.551675432237747398e-01,0.000000000000000000e+00,0.000000000000000000e+00,0.000000000000000000e+00,0.000000000000000000e+00,3.029349458511519377e-01,1.076096476614871872e-01,0.000000000000000000e+00,1.865691223024885104e-01,0.000000000000000000e+00,0.000000000000000000e+00,0.000000000000000000e+00,0.000000000000000000e+00,0.000000000000000000e+00,0.000000000000000000e+00,3.478962726004828920e-01,0.000000000000000000e+00
0.000000000000000000e+00,0.000000000000000000e+00,0.000000000000000000e+00,0.000000000000000000e+00,6.761590744281139598e-01,7.427508592333540438e-01,0.000000000000000000e+00,0.000000000000000000e+00,0.000000000000000000e+00,0.000000000000000000e+00,0.000000000000000000e+00,0.000000000000000000e+00,0.000000000000000000e+00,1.730210441594552673e-01,3.195937863179524330e-01,3.420423636938491607e-01,4.952294998739120158e-01,0.000000000000000000e+00,0.000000000000000000e+00,0.000000000000000000e+00,6.004757447106700008e-01,2.548992167703349465e-01,0.000000000000000000e+00,0.000000000000000000e+00,1.739307915685388839e-01,2.736528846004145921e-01,6.829100570494547329e-01,1.968628569165662701e-01,3.290668309045614581e-01,0.000000000000000000e+00,0.000000000000000000e+00,0.000000000000000000e+00,0.000000000000000000e+00,0.000000000000000000e+00,4.142346481689602178e-01,0.000000000000000000e+00,2.610033589703656953e-01,4.224744761748826516e-01,6.830860111417883518e-01,6.073544519799539687e-01,6.749475491278215111e-01,2.655269849919934533e-01,4.656477810165342568e-01,3.211901927031526327e-01,4.145206717727638601e-01,1.441282757950476112e-01,6.616937212971587545e-01,5.959091349847412955e-01,3.369733062003525959e-01,8.825592464999412745e-02,8.243231923133831351e-02,0.000000000000000000e+00,2.683244467227468011e-01,3.855109708026372983e-01,8.097933316254017633e-02,6.005098159290186421e-01,0.000000000000000000e+00,0.000000000000000000e+00,0.000000000000000000e+00,0.000000000000000000e+00,1.037383359817474066e-01,0.000000000000000000e+00,2.477111156088085964e-01,0.000000000000000000e+00,4.444067139546949430e-01,0.000000000000000000e+00,0.000000000000000000e+00,8.740431411590805777e-02,0.000000000000000000e+00,0.000000000000000000e+00,0.000000000000000000e+00,0.000000000000000000e+00,2.509913109299438116e-01,0.000000000000000000e+00,1.339877786809620663e-01,9.788945002114138316e-02,3.943636686423738769e-01,2.135675836158230645e-01,0.000000000000000000e+00,1.161679753008161148e-01,2.883371108065975741e-01,1.656478905202498630e-01,2.058732861339356013e-01,2.161195163825370413e-01,5.955039513010086383e-01,5.289862550239680106e-01,9.294522585996395359e-02,2.022373485734082488e-01,1.635594844264503522e-01,2.252504935350255755e-01
4.453502045275724575e-01,7.131502818148012235e-01,4.234039103490075395e-01,7.338099264838072733e-01,0.000000000000000000e+00,0.000000000000000000e+00,5.329375264175899574e-01,6.459179185465786510e-01,0.000000000000000000e+00,0.000000000000000000e+00,2.880037701862846466e-01,7.131740193446438614e-01,8.508771901664615722e-01,0.000000000000000000e+00,2.810256900288833348e-01,2.457399559924305088e-01,0.000000000000000000e+00,6.935730281800209784e-01,6.332760294269391688e-01,7.042927882754376201e-01,0.000000000000000000e+00,4.355713815034794045e-01,6.494179981242004240e-01,5.400315306656030545e-01,5.950308812532851821e-01,2.616878379907041641e-01,0.000000000000000000e+00,6.298824260305005973e-01,0.000000000000000000e+00,6.223266527365983736e-01,5.239766633603142321e-01,4.529294368759770317e-01,4.939910199598053775e-01,6.374485029315886120e-01,0.000000000000000000e+00,5.472531244946201578e-01,4.191364828458605807e-01,1.513838220760886089e-01,0.000000000000000000e+00,0.000000000000000000e+00,0.000000000000000000e+00,0.000000000000000000e+00,0.000000000000000000e+00,5.255824851019500477e-01,1.748440402391915893e-01,6.138449845168221231e-01,0.000000000000000000e+00,1.133055600538459134e-01,8.004393792711737843e-02,6.407960065107541903e-01,7.084920728158358161e-01,5.832489366308526435e-01,5.182450597057790542e-01,2.444862586292185502e-01,6.842840723223765353e-01,0.000000000000000000e+00,4.861361587388434713e-01,7.446083169276228597e-01,6.039894767575515466e-01,5.873599804054261408e-01,0.000000000000000000e+00,6.266408987219674875e-01,0.000000000000000000e+00,7.552930041850179910e-01,0.000000000000000000e+00,7.677415958246068817e-01,7.175878480498458778e-01,5.994155213432598162e-01,5.939687552365304768e-01,6.486781914935670912e-01,4.013873067834176633e-01,3.638230884080719263e-01,0.000000000000000000e+00,3.229360515316340718e-01,9.901421184936488873e-02,2.324971626418440851e-01,0.000000000000000000e+00,2.145630054186982716e-01,3.861500908908984675e-01,3.702908645418277467e-01,0.000000000000000000e+00,4.545412929839351412e-01,2.473569487464074013e-01,1.173616616968713305e-01,0.000000000000000000e+00,1.899257042972103682e-01,1.632774690852359101e-01,0.000000000000000000e+00,7.026657898361150512e-01,0.000000000000000000e+00
1.692721857968284560e-01,2.370484419757210859e-01,0.000000000000000000e+00,1.942976955570586139e-01,0.000000000000000000e+00,2.062140759109433175e-01,1.851291061208350797e-01,3.363464879187109124e-01,0.000000000000000000e+00,2.880037701862846466e-01,0.000000000000000000e+00,5.975256174710865675e-01,4.742045586117213385e-01,5.687626102233941383e-01,3.479532133740838584e-01,2.487052975537153432e-01,3.389197091503391435e-01,5.213730274797454545e-01,1.615802795095267197e-01,1.428475147847272364e-01,1.115974804983015795e-01,3.119691522980860277e-01,3.193780738876417780e-01,3.468907950720001021e-01,2.210866485672265680e-01,1.853867774026463078e-01,0.000000000000000000e+00,2.352419548303667229e-01,3.867734818641710426e-01,3.819110738762716006e-01,5.231496338978024463e-01,5.127961391595196039e-01,5.078368968653631521e-01,4.991602499232937196e-01,3.322421761329305556e-01,3.957880341242221989e-01,3.081771722085663301e-01,1.868921367856523907e-01,9.084227452604687336e-02,0.000000000000000000e+00,0.000000000000000000e+00,0.000000000000000000e+00,3.393596088384102649e-01,4.308201230307514007e-01,4.125880539830069083e-01,4.568264129436426790e-01,2.763758520909416760e-01,3.155643261451575032e-01,3.789560561493003910e-01,5.013017189890258685e-01,4.534799999932156989e-01,4.578535144967739723e-01,4.363938688809598787e-01,3.643033765898372467e-01,3.624416589113388376e-01,0.000000000000000000e+00,2.217039307580481455e-01,3.222590850819379016e-01,4.807887570412128220e-01,2.586670827801960670e-01,3.852706787589250670e-01,4.012937436721790152e-01,0.000000000000000000e+00,5.696378244246423916e-01,0.000000000000000000e+00,4.675395514004718756e-01,3.863657060334473314e-01,4.302529941491248233e-01,1.485304219171263984e-01,1.874452510425570206e-01,4.979841200905538168e-01,5.755491168651837297e-01,2.878625223391171883e-01,3.129824179232031378e-01,1.548746547534969320e-01,1.284476399237766409e-01,3.847351852762678770e-01,4.349867896132648126e-01,2.715988194858510174e-01,3.336069459257251513e-01,1.512048137560435268e-01,4.526215530654357222e-01,1.740485108140078230e-01,2.316026719324920380e-01,1.748260360075196973e-01,3.191117252876941035e-01,2.009763083024735386e-01,2.921587263135717594e-01,3.372045381762202587e-01,0.000000000000000000e+00
4.529060877823947173e-01,7.108281457996006303e-01,3.624654955647313992e-01,6.011140319705062796e-01,0.000000000000000000e+00,0.000000000000000000e+00,5.398914243386084832e-01,7.851360809447394118e-01,0.000000000000000000e+00,7.131740193446438614e-01,5.975256174710865675e-01,0.000000000000000000e+00,8.596173445916278633e-01,3.484372190151802662e-01,3.506023821704379317e-01,2.478865362130653616e-01,0.000000000000000000e+00,8.568125039929368469e-01,5.566301856540797344e-01,6.010081238876419096e-01,0.000000000000000000e+00,4.160017459167687504e-01,6.578218401346604960e-01,5.528031114788155564e-01,4.330990671473088915e-01,1.456586960338165648e-01,0.000000000000000000e+00,3.386508257997177807e-01,1.953033281360022633e-01,6.883787975486886923e-01,6.620865605093551043e-01,6.197356439788542781e-01,6.179863559742471146e-01,7.510359121201880539e-01,0.000000000000000000e+00,5.923649958014450823e-01,3.987306660007501335e-01,1.939727878436838526e-01,0.000000000000000000e+00,0.000000000000000000e+00,0.000000000000000000e+00,0.000000000000000000e+00,0.000000000000000000e+00,5.310814777696108990e-01,2.370018578855891400e-01,6.388427859349649074e-01,0.000000000000000000e+00,2.080976828400353806e-01,1.903362028920578541e-01,6.982186777100503061e-01,6.771213454654277930e-01,5.858917566656594023e-01,5.576504297580126002e-01,2.580398043055495139e-01,6.122646591134390803e-01,0.000000000000000000e+00,5.097246517238714913e-01,7.350925995076470487e-01,6.817243420968467360e-01,6.041827290665209294e-01,8.228479409715380721e-02,6.088152456746354080e-01,0.000000000000000000e+00,8.790267785708758552e-01,0.000000000000000000e+00,7.847188799913079604e-01,6.812663121818318679e-01,6.239841320669879954e-01,4.960118195818816744e-01,5.536910047998286899e-01,5.756062344921268892e-01,6.044224504390984798e-01,1.998259364336515131e-01,4.171110411914160654e-01,2.188432192224650796e-01,2.371134362853863642e-01,1.532925742844923334e-01,4.099354093677532451e-01,4.734342439535120795e-01,4.760180978543012698e-01,0.000000000000000000e+00,6.039990171521708584e-01,1.642282992653748275e-01,1.444128483155391329e-01,0.000000000000000000e+00,2.221001711879510288e-01,1.086967561440074503e-01,1.385922765756016362e-01,5.979125512119295438e-01,0.000000000000000000e+00
5.225069812772190625e-01,8.138612500237432101e-01,4.282416791703764214e-01,7.572916804781978373e-01,0.000000000000000000e+00,0.000000000000000000e+00,5.987296132168670182e-01,7.770948143589232471e-01,0.000000000000000000e+00,8.508771901664615722e-01,4.742045586117213385e-01,8.596173445916278633e-01,0.000000000000000000e+00,0.000000000000000000e+00,1.951638485130457179e-01,1.179981445589494415e-01,0.000000000000000000e+00,7.807440587338678739e-01,6.473771058917821009e-01,7.441181179325141448e-01,0.000000000000000000e+00,3.736387139520541134e-01,7.028592673363340815e-01,6.165361477887305597e-01,5.611691596778263236e-01,1.861795814824269701e-01,0.000000000000000000e+00,4.848569698850141441e-01,0.000000000000000000e+00,6.092261326183833203e-01,6.399666715010152718e-01,5.831096433048310601e-01,6.371696383772045280e-01,7.612066310215398479e-01,0.000000000000000000e+00,5.021219687240545682e-01,3.869346390809937364e-01,9.674430869714957526e-02,0.000000000000000000e+00,0.000000000000000000e+00,0.000000000000000000e+00,0.000000000000000000e+00,0.000000000000000000e+00,4.998519995290009454e-01,1.345018647520405675e-01,6.246910644612582164e-01,0.000000000000000000e+00,8.897843897966013771e-02,8.213433149396169586e-02,6.741189794632220789e-01,7.301803279852107087e-01,6.257566409693929854e-01,5.384638076503002191e-01,1.957118278617974716e-01,6.371618990914991176e-01,0.000000000000000000e+00,6.023652717618066532e-01,8.439933990424098864e-01,6.363401882201454862e-01,6.146102680338020319e-01,0.000000000000000000e+00,6.474773145279243414e-01,0.000000000000000000e+00,8.679044174853399740e-01,0.000000000000000000e+00,8.290993315817466458e-01,7.467735692765471445e-01,5.992608497621190189e-01,6.543110826780907940e-01,6.970579162207188872e-01,4.832938479291272738e-01,4.218389094864516409e-01,0.000000000000000000e+00,2.787358969032622258e-01,0.000000000000000000e+00,1.236382328191799052e-01,0.000000000000000000e+00,2.290142143309931710e-01,4.824023222255564569e-01,4.227365883797544743e-01,0.000000000000000000e+00,4.739078446649183096e-01,1.797213115900855862e-01,1.121792149032240643e-01,0.000000000000000000e+00,1.281307595380274944e-01,1.598871033825289278e-01,9.209433493359404921e-02,6.497989817590789086e-01,0.000000000000000000e+00
0.000000000000000000e+00,0.000000000000000000e+00,0.000000000000000000e+00,0.000000000000000000e+00,7.426799315514885647e-02,2.000768422302753036e-01,0.000000000000000000e+00,2.138638440908099125e-01,1.730210441594552673e-01,0.000000000000000000e+00,5.687626102233941383e-01,3.484372190151802662e-01,0.000000000000000000e+00,0.000000000000000000e+00,4.671196945954376734e-01,4.302238082714884282e-01,5.371224668344700692e-01,2.256316157241416986e-01,0.000000000000000000e+00,0.000000000000000000e+00,2.688296368135525416e-01,7.974742228201041339e-02,1.538689815899455249e-01,2.615844167229147144e-01,0.000000000000000000e+00,1.277555304900006294e-01,0.000000000000000000e+00,0.000000000000000000e+00,4.591957800085227914e-01,2.147992145329882252e-01,4.197606204808882469e-01,4.554185177367299220e-01,2.478645311547731656e-01,2.187644107021485262e-01,4.292134341216793381e-01,2.063576351433131228e-01,0.000000000000000000e+00,1.446202402931620057e-01,1.774419916400555020e-01,2.139801484271602050e-01,1.719979663272139525e-01,0.000000000000000000e+00,2.774505253359478285e-01,8.119929532435755937e-02,2.137897528203191733e-01,0.000000000000000000e+00,2.601419672805949657e-01,1.954908030763331528e-01,2.859037083733843021e-01,7.346042282249297395e-02,0.000000000000000000e+00,1.308789443280637399e-01,8.426037612202121052e-02,1.180868710469259314e-01,0.000000000000000000e+00,2.039868912113683430e-01,0.000000000000000000e+00,0.000000000000000000e+00,1.334189273837145528e-01,0.000000000000000000e+00,4.408983681329665116e-01,0.000000000000000000e+00,3.096868122047217176e-01,1.681526254441426393e-01,4.258415408935073976e-01,6.923234880677815728e-02,0.000000000000000000e+00,8.556396661313990515e-02,0.000000000000000000e+00,0.000000000000000000e+00,4.914969132228244608e-01,6.033937170159492380e-01,4.621628046999617934e-01,3.497009281553701276e-01,2.807000752405214850e-01,2.693859352232043647e-01,5.144655091393143254e-01,4.702197904166996456e-01,1.899162322227778421e-01,1.800903187213384327e-01,4.208908661053645806e-01,2.578442658694184431e-01,0.000000000000000000e+00,0.000000000000000000e+00,3.261286411382450789e-01,1.568122887363960216e-01,0.000000000000000000e+00,1.829652705402894652e-01,0.000000000000000000e+00,7.044770967310737264e-02
0.000000000000000000e+00,0.000000000000000000e+00,0.000000000000000000e+00,0.000000000000000000e+00,0.000000000000000000e+00,2.748049100994105487e-01,0.000000000000000000e+00,1.259282125457365231e-01,3.195937863179524330e-01,2.810256900288833348e-01,3.479532133740838584e-01,3.506023821704379317e-01,1.951638485130457179e-01,4.671196945954376734e-01,0.000000000000000000e+00,7.725959720258611663e-01,3.516926412235523158e-01,3.823000272931686427e-01,0.000000000000000000e+00,0.000000000000000000e+00,4.175701280031465235e-01,4.497656558168801055e-01,2.176722209175643574e-01,2.512828664352548813e-01,3.614023302732793375e-01,3.820306561134793055e-01,0.000000000000000000e+00,2.820218653307426382e-01,6.239122665227189168e-01,5.483409513322794471e-01,4.575651938744959568e-01,4.800507998435157297e-01,1.662748177051227016e-01,2.562982192736009690e-01,4.356636398387401243e-01,5.190405076583065602e-01,2.799408065526742262e-01,2.646509073941836210e-01,1.435848877640434895e-01,9.249206501662943225e-02,2.110750277944200282e-01,2.612236821006210241e-01,1.947141235388736569e-01,2.918044234723037311e-01,3.157390420780213924e-01,2.849650583018465966e-01,2.324963833246205536e-01,2.780463875643887084e-01,2.589537264425276208e-01,2.952178688950070629e-01,2.650765635545925258e-01,2.194638640541275165e-01,2.569679648916315950e-01,2.195170781599876941e-01,1.561444542929222024e-01,7.327557748290815243e-02,0.000000000000000000e+00,0.000000000000000000e+00,1.673487568018087457e-01,0.000000000000000000e+00,1.121184759359470789e-01,0.000000000000000000e+00,0.000000000000000000e+00,1.994258184604168482e-01,9.386006625913094481e-02,2.267345914099744286e-01,1.377829972574748651e-01,2.557321709503675433e-01,0.000000000000000000e+00,0.000000000000000000e+00,5.359627547200269682e-01,6.661523109279580135e-01,6.683150464034361971e-01,6.107393979096903402e-01,5.141876257975986908e-01,5.536780705357192689e-01,5.274049327423734335e-01,5.998741953894226597e-01,3.912932441701948982e-01,3.274854828326601019e-01,3.120630442521073467e-01,4.485749919977021771e-01,2.748492162011247908e-01,2.996965865034088017e-01,3.215693045884489565e-01,3.086436779057160074e-01,1.797371455181603073e-01,1.933764789033337317e-01,2.755203118191796308e-01,0.000000000000000000e+00
0.000000000000000000e+00,0.000000000000000000e+00,0.000000000000000000e+00,0.000000000000000000e+00,0.000000000000000000e+00,2.858365209861871148e-01,0.000000000000000000e+00,9.877027844343513885e-02,3.420423636938491607e-01,2.457399559924305088e-01,2.487052975537153432e-01,2.478865362130653616e-01,1.179981445589494415e-01,4.302238082714884282e-01,7.725959720258611663e-01,0.000000000000000000e+00,3.278437217393292968e-01,3.128156836384089479e-01,1.152768263717354330e-01,0.000000000000000000e+00,4.202788144367547440e-01,4.825198488262734675e-01,1.638367677947160650e-01,1.954587645563412857e-01,3.612011912045115514e-01,3.991570082358036897e-01,0.000000000000000000e+00,2.831384405234602664e-01,6.114378933808805039e-01,6.116897816849974356e-01,2.989502067371120342e-01,3.248795563639925721e-01,1.163510708309160174e-01,1.794988922284215527e-01,4.676012891368308000e-01,4.729994541990379942e-01,2.632170759036267516e-01,3.260977136797407749e-01,1.560026490680310185e-01,1.667579584381810309e-01,2.401388064670812450e-01,3.634844465635810873e-01,2.174189604638192830e-01,2.699501316814189034e-01,2.847508634326514354e-01,2.166277441850784080e-01,2.433581112134450275e-01,2.503493301947960492e-01,3.022075268382691804e-01,1.961569704637339262e-01,2.832916310819433847e-01,2.213019479469228723e-01,1.971266356153582033e-01,1.285967629891162367e-01,1.129120664373070293e-01,1.315028790362104127e-01,0.000000000000000000e+00,0.000000000000000000e+00,1.190275540366737966e-01,0.000000000000000000e+00,1.118720473897664852e-01,0.000000000000000000e+00,0.000000000000000000e+00,1.404286407227355316e-01,1.430759018193229204e-01,2.038294235423211420e-01,1.512042834409095260e-01,2.011168380830266056e-01,0.000000000000000000e+00,0.000000000000000000e+00,4.080241815670053729e-01,5.592088370320358326e-01,6.600628748483458041e-01,6.616400893807505845e-01,5.903044709775461252e-01,6.499714896085453386e-01,5.530740451993046980e-01,6.188944784421226419e-01,4.175282473088449131e-01,3.654349692146859341e-01,3.220191483411182776e-01,4.581606510452897463e-01,1.862089042047445075e-01,2.372974087242153696e-01,3.826062973751431229e-01,2.912085583223086305e-01,9.586087886357107235e-02,1.552923410066135435e-01,2.345083786442245521e-01,0.000000000000000000e+00
0.000000000000000000e+00,0.000000000000000000e+00,0.000000000000000000e+00,0.000000000000000000e+00,4.953670861211746379e-01,4.973584542483466819e-01,0.000000000000000000e+00,0.000000000000000000e+00,4.952294998739120158e-01,0.000000000000000000e+00,3.389197091503391435e-01,0.000000000000000000e+00,0.000000000000000000e+00,5.371224668344700692e-01,3.516926412235523158e-01,3.278437217393292968e-01,0.000000000000000000e+00,0.000000000000000000e+00,0.000000000000000000e+00,0.000000000000000000e+00,5.700260989773924258e-01,1.290215128265606859e-01,0.000000000000000000e+00,0.000000000000000000e+00,0.000000000000000000e+00,1.336187563067531003e-01,4.112217195527252400e-01,0.000000000000000000e+00,6.911328490081208864e-01,0.000000000000000000e+00,0.000000000000000000e+00,0.000000000000000000e+00,0.000000000000000000e+00,0.000000000000000000e+00,6.712450533572698053e-01,8.292217384445775552e-02,0.000000000000000000e+00,2.844741405444574101e-01,6.237290176042818990e-01,5.536145985121128099e-01,6.366656734270292883e-01,1.669703340934157731e-01,4.612872204938078258e-01,1.233516898394328432e-01,3.739309127196208116e-01,0.000000000000000000e+00,6.071515178243925837e-01,4.479772600878569322e-01,3.546417843265493031e-01,0.000000000000000000e+00,0.000000000000000000e+00,0.000000000000000000e+00,7.043822007241858085e-02,2.492248978844034124e-01,0.000000000000000000e+00,5.133799849723010844e-01,0.000000000000000000e+00,0.000000000000000000e+00,0.000000000000000000e+00,0.000000000000000000e+00,3.678594282882972633e-01,0.000000000000000000e+00,5.439342185376666583e-01,0.000000000000000000e+00,7.381054203763623978e-01,0.000000000000000000e+00,0.000000000000000000e+00,0.000000000000000000e+00,0.000000000000000000e+00,0.000000000000000000e+00,0.000000000000000000e+00,2.890618606845218874e-01,5.146075852008368257e-01,2.189162310166677117e-01,2.887913030183781871e-01,1.889230684939740279e-01,6.759667975639350734e-01,4.346542445527411536e-01,1.372893696754984294e-01,2.421383404119863136e-01,7.680207493998343349e-01,2.628258688666290643e-01,0.000000000000000000e+00,2.486330047185036085e-01,6.714874939592534453e-01,3.893665071407170775e-01,1.104523917276791223e-01,3.034863129439425156e-01,0.000000000000000000e+00,1.840387310586935332e-01
