0.000000000000000000e+00,9.102658399869800743e-01,8.991222361406331354e-01,8.661694261372966386e-01,2.391570872258095837e-01,4.188807315226714123e-01,8.181348886051446057e-01,7.448819561157876690e-01,5.216875018396104347e-01,3.262282691366535925e-01,8.088469642942148763e-01,8.902033586393706122e-01,8.507427406973461226e-01,8.234749779934738001e-01,5.221093998993469043e-01,4.028442287438974700e-01,5.797305927453891838e-01,6.864421686982515869e-01,9.293926006281434393e-01,8.855403529168281995e-01,4.904666804872737096e-01,6.430970671088963586e-01,6.861958783569458431e-01,7.569092544199756967e-01,4.603231383793295328e-01,4.355284538755413992e-01,7.119672440690885118e-01,5.796275012944496208e-01,6.118269850946005395e-01,5.801195426021169554e-01,5.729417843087172280e-01,4.884041749439727575e-01,8.833468326306652685e-01,8.544027350119330899e-01,7.250229001163942533e-01,5.201289747045944045e-01,7.446232540167707636e-01,7.040395913113077775e-01,8.006235922594542309e-01,6.250261838310968709e-01,5.558829269595150224e-01,7.100798493659928878e-01,8.967363733228099765e-01,8.209490041933806825e-01,8.517713146435781368e-01,8.536046689752827543e-01,8.408385875228833184e-01,7.969979824066745211e-01,8.499298500101414300e-01,8.302882622835463522e-01,8.671166717744587249e-01,8.251305759457496780e-01,9.004409352422617641e-01,9.028400560612471759e-01,8.577022408842388534e-01,8.633865254947272749e-01,8.193854478998244817e-01,6.013273418369756707e-01,1.572255681510316139e-01,5.482465312524441581e-01,8.738660012362513552e-01,6.236996517737141144e-01,8.466227061207983740e-01,8.207491597832081709e-01,6.666787483933638292e-01,7.228582582301816828e-01,8.544627747865031209e-01,8.540661766262654941e-01,7.792549642333997939e-01,8.035878843885003731e-01,6.740168389276691707e-01,7.113355938271811452e-01,6.122036715340846147e-01,6.995000521790240011e-01,5.606740103357632510e-01,6.131085145026345939e-01,4.788693430551123620e-01,5.736137521666393457e-01,1.794457415663852640e-01,2.025382684302383940e-01,6.735347973590228854e-01,6.327577099144687800e-01,3.972393189971235028e-01,3.640504246629615581e-01,8.010583326012263861e-01,8.241300554401685963e-01,6.137159556351136080e-01,2.734311929559669063e-01,8.623578928987064574e-01,8.526410279987873819e-01
9.102658399869800743e-01,0.000000000000000000e+00,7.816429250873129231e-01,7.783437896761659092e-01,3.693575305305863421e-01,5.459406843495118178e-01,6.860097439944741193e-01,6.646808870310085826e-01,5.364094919988180443e-01,3.810165028584965863e-01,7.923370719468152412e-01,8.658591729624057765e-01,7.828707225531784664e-01,7.736611226250198481e-01,5.594029092380955470e-01,4.919939047591829762e-01,7.229285766244597511e-01,8.155033336797411492e-01,9.193231908063886904e-01,9.334404142035416241e-01,5.854048005014642619e-01,7.050778184584260977e-01,6.698384909457708591e-01,6.926447638131051354e-01,5.481326127562551331e-01,5.643535128064172124e-01,7.824435398493920779e-01,6.430638075489045757e-01,7.059205676913929972e-01,7.099488912412788011e-01,6.266241044910448865e-01,5.444390987500865586e-01,8.837914194424121295e-01,9.010531517346676011e-01,7.763404176630597231e-01,6.353475695490150565e-01,7.856502247971663966e-01,7.796001965116553523e-01,7.792643332286218749e-01,7.166362030951998197e-01,5.932349647494240541e-01,6.914591177261474320e-01,8.446988505044141782e-01,8.024592389843991924e-01,7.593646223145040786e-01,7.611652542263265264e-01,8.321594602067664548e-01,8.133397671855422395e-01,7.463714708395547959e-01,7.635714816001599736e-01,7.559354013626088387e-01,7.309145183426238868e-01,8.341508677733059374e-01,8.647382000901416843e-01,8.096905094381944279e-01,8.263930028892070290e-01,8.813607915665908621e-01,7.914779948237375962e-01,3.259268294342893557e-01,7.163204369679269101e-01,7.788397270451280496e-01,6.657462526627934141e-01,8.389528576925983083e-01,8.249146665170922210e-01,5.481322991557007196e-01,6.322035438104240956e-01,8.822315638957179962e-01,8.814867361393948775e-01,8.511810083126682969e-01,9.133570467451078700e-01,5.827773262281829014e-01,6.173131772335720413e-01,6.368699599235247977e-01,6.769836268432959381e-01,5.305768770910475052e-01,5.816635018340878815e-01,5.218983932907309553e-01,5.823942373696699981e-01,2.849539447541629134e-01,2.984717415505895310e-01,7.427470791837369468e-01,7.560644567960120854e-01,4.598405621906789253e-01,5.737538136289009882e-01,7.292367702209835434e-01,7.371212413900574134e-01,5.587422013606132554e-01,3.530637761159529098e-01,7.896924698254589314e-01,7.990943980758921095e-01
8.991222361406331354e-01,7.816429250873129231e-01,0.000000000000000000e+00,9.483887584165939799e-01,2.688384994696751962e-01,4.605790902584026569e-01,9.270324512324357169e-01,8.750820656395236208e-01,6.443627295125693433e-01,4.816019401536054678e-01,7.699564551553589320e-01,8.611561277594895758e-01,8.822811908268879399e-01,7.834008457340668752e-01,5.843599611068831523e-01,4.374274176606470776e-01,3.780570505410233428e-01,5.165546361695217970e-01,8.730323426539409182e-01,7.915832770319726208e-01,3.812977980529849154e-01,5.839578373370738484e-01,7.598055262058183157e-01,8.585408759578032623e-01,5.190916813846236932e-01,4.709312443381465374e-01,6.577206991922689427e-01,5.424885753730596116e-01,4.732404156689635211e-01,4.144020063863712577e-01,5.423296129254103759e-01,5.426105918572607933e-01,7.844471467187107416e-01,7.888808360350209048e-01,6.907035021222491800e-01,4.238755568195840540e-01,6.522349317473539188e-01,6.025249776504404409e-01,7.872875497658496924e-01,5.517514897997000123e-01,4.057928470506869112e-01,6.325294344255910639e-01,8.978311423788513101e-01,8.399908239481970185e-01,9.011642322616290057e-01,9.014884356703970480e-01,8.481325141201656592e-01,8.192203579478717357e-01,9.069356197198940039e-01,8.867896814285679552e-01,9.072557817610666930e-01,8.962639324785145467e-01,8.759432584267068389e-01,8.741884784829535571e-01,8.669095898828083069e-01,8.859332045946167744e-01,6.328523699537650371e-01,3.701385469439515963e-01,7.180404715240294722e-02,4.483031357380777848e-01,8.964584834069179164e-01,6.200333358937959449e-01,7.767045261036062964e-01,8.080457411503988441e-01,7.552939643674221326e-01,8.134185638747568614e-01,8.242712455635173852e-01,8.360651715601958855e-01,6.177180339995572700e-01,6.656843598401339657e-01,6.168686922311676923e-01,6.755324050099993372e-01,4.957295005231448504e-01,6.050832785339713693e-01,4.424483497747118133e-01,5.185079173722985102e-01,3.347098882176889889e-01,4.566173690493741666e-01,0.000000000000000000e+00,1.010615987484093370e-01,5.889371198418483777e-01,5.051134329970058401e-01,2.540273597281323403e-01,2.205999837702146416e-01,8.586301074150796131e-01,8.814158782020435901e-01,5.898544364697133613e-01,2.819061276643728964e-01,8.979771288905171733e-01,8.897694269640555875e-01
8.661694261372966386e-01,7.783437896761659092e-01,9.483887584165939799e-01,0.000000000000000000e+00,3.641288754257209770e-01,5.492261541034564321e-01,9.378442187669377983e-01,9.343327182676620657e-01,7.136951370546631424e-01,5.755550326432579133e-01,7.808885783969162775e-01,8.532711475151404379e-01,8.940871465971850229e-01,7.889024759765410622e-01,6.382976632413602802e-01,5.516203628934737146e-01,3.707675774325683848e-01,5.109315292303838740e-01,8.639063317978602496e-01,7.924583446346286086e-01,4.102807307189018649e-01,5.576528026405074279e-01,7.503534198132296718e-01,8.943137112709280689e-01,6.141986528806753221e-01,5.291900869075993885e-01,6.938351964293083540e-01,6.001081026272527819e-01,4.681542492280259538e-01,4.303699198544784221e-01,5.581794569305067455e-01,5.916975492963817418e-01,7.519534378926038265e-01,7.982944665691971142e-01,7.385995103816649365e-01,4.767540303056329032e-01,6.736049363999259132e-01,6.494862133160529405e-01,8.149076079714959731e-01,6.126186368714753305e-01,3.550864104786444209e-01,6.366308901030881540e-01,9.127089282354404753e-01,8.842698417996460725e-01,9.228537665035652093e-01,9.296942664180064542e-01,8.838604708753575734e-01,8.729860070513087988e-01,9.235307595379014245e-01,9.104403415348575335e-01,9.046681864327552614e-01,9.280054962981079125e-01,8.668476663018760409e-01,8.641687022436317367e-01,8.765907587839965043e-01,9.074953571668402663e-01,5.897045437807656443e-01,3.432251453387659135e-01,6.762453766067047511e-02,4.590107533056810851e-01,8.996936446608472249e-01,6.253862494353843449e-01,7.605770817465050682e-01,8.250216588535487228e-01,7.809456459887529345e-01,8.530685032622511432e-01,8.443676352375534266e-01,8.738629940662827611e-01,5.782464362375850930e-01,6.547816280672554834e-01,5.433275447535074187e-01,6.159797525645904770e-01,4.767734631984208993e-01,5.508576167669941848e-01,3.986387337757790195e-01,4.778685654610539402e-01,2.884439572372264338e-01,4.050829452246507700e-01,0.000000000000000000e+00,7.202546378013707784e-02,5.903782214689573538e-01,5.377743606927986031e-01,2.838164565636708270e-01,2.799825712154429547e-01,9.117741409258538487e-01,9.345703935748886915e-01,5.926891284068677157e-01,3.375677839549811599e-01,9.215783493307208030e-01,9.286261499027183008e-01
2.391570872258095837e-01,3.693575305305863421e-01,2.688384994696751962e-01,3.641288754257209770e-01,0.000000000000000000e+00,6.522925479369269253e-01,3.043761285992174770e-01,4.437175196781923958e-01,6.699126133260143723e-01,7.484904468978089698e-01,3.306576480837333798e-01,2.293703276837945892e-01,3.311966486345636063e-01,2.030210863240175523e-01,6.850836983699688520e-01,5.759723280299630099e-01,3.134805785191848715e-01,3.459897264668890249e-01,3.894171056804120457e-01,3.693000840256728257e-01,2.722125813055470966e-01,2.090364408017836573e-01,5.141564077196544291e-01,4.145213299517673256e-01,6.981792770604873244e-01,5.878132770339959956e-01,5.236203021483133435e-01,4.938560514200457940e-01,1.795208715398896315e-01,3.457103848122410894e-01,4.139302308646500839e-01,3.773163028495237215e-01,2.617177484871114901e-01,3.983245022753635900e-01,5.073080328718437837e-01,3.678806450753250856e-01,3.733936472631786962e-01,4.221216616139132904e-01,3.946676065350905316e-01,4.942648434941242508e-01,0.000000000000000000e+00,2.056328212286779866e-01,3.518098175954066376e-01,4.198589238921776601e-01,3.147708955704912603e-01,3.032183872410270653e-01,4.509110232361339121e-01,5.354514900917634046e-01,2.999592816202221179e-01,3.541425296412857304e-01,2.316159930309913684e-01,3.436051739375452496e-01,2.476814963165136219e-01,2.831368048681406346e-01,3.301582527475150353e-01,3.758183044019942076e-01,2.328912104848978037e-01,2.971002084640109175e-01,4.032774051731460863e-01,4.939605669876406813e-01,2.586222574541530705e-01,2.685528236419418846e-01,2.476356444116718791e-01,3.753240130750744585e-01,1.978100370880998271e-01,2.886488099406303021e-01,5.084464145936002932e-01,4.735840826430975925e-01,2.678672304317872843e-01,3.370525148637151802e-01,0.000000000000000000e+00,0.000000000000000000e+00,0.000000000000000000e+00,0.000000000000000000e+00,0.000000000000000000e+00,0.000000000000000000e+00,0.000000000000000000e+00,0.000000000000000000e+00,0.000000000000000000e+00,1.131667546754437231e-01,3.424472522071201896e-01,4.617066440333467137e-01,3.205583911658705931e-01,5.511039410484384060e-01,4.134836909538204264e-01,3.757301985685306267e-01,1.120432033713616438e-01,4.580235015846426117e-01,3.661896530609100586e-01,4.615905535789346370e-01
4.188807315226714123e-01,5.459406843495118178e-01,4.605790902584026569e-01,5.492261541034564321e-01,6.522925479369269253e-01,0.000000000000000000e+00,4.357867923827662970e-01,5.591165554727979270e-01,6.964710677733449984e-01,7.023648495555512294e-01,4.493263512450622610e-01,4.878404261440462131e-01,4.760201259403240570e-01,4.574207432459402312e-01,6.981280727732310787e-01,7.374604261794007742e-01,3.875307544658119774e-01,4.420440350413916142e-01,5.414484488618095392e-01,5.276846649436393033e-01,4.114166932150210010e-01,4.428376627473950555e-01,5.589440556664161397e-01,5.749787220211102223e-01,7.423926459809301326e-01,6.990870366984096584e-01,6.868886680678588652e-01,5.325794455414872841e-01,3.658404668752366917e-01,4.672451902723321338e-01,4.257356668683236478e-01,5.047897855845326909e-01,4.348610520937277735e-01,5.480440960289761909e-01,6.628735933369002131e-01,5.785085717656627269e-01,5.511829241219248221e-01,5.811737541893191583e-01,5.528472833826721944e-01,5.925232849940667013e-01,2.575086094789387769e-01,3.196873324549183160e-01,5.158391932177466277e-01,5.491229292610049217e-01,4.700218371614848234e-01,4.448453994600486405e-01,5.899591638643892910e-01,6.635978377513201965e-01,4.656757341407955497e-01,5.095697482660498379e-01,3.897680043663782068e-01,4.744620982891705196e-01,4.189404559945633100e-01,4.557099945763121163e-01,4.911704322366906017e-01,5.271234035866233514e-01,3.793613728980838040e-01,3.777762620464901744e-01,3.711677513776872050e-01,5.388549639799676827e-01,4.053316545729578335e-01,3.644235488947998314e-01,4.322261273323081965e-01,4.784535478369071893e-01,3.314638425726475490e-01,4.292264569239118144e-01,6.496490299823844961e-01,6.337139237993605345e-01,4.120057424279606195e-01,4.828995941659119384e-01,0.000000000000000000e+00,0.000000000000000000e+00,1.881642130903952714e-01,2.017534002405305948e-01,1.085176907916054062e-01,1.687947763527071487e-01,1.317844839457651684e-01,1.448604949288985200e-01,0.000000000000000000e+00,1.567229496104912412e-01,4.925038636310452023e-01,5.195594058990476993e-01,2.676414107973168477e-01,5.925112642419539943e-01,5.556813948366986500e-01,5.163029919576621607e-01,1.975990316190358864e-01,4.820638469843717133e-01,5.255073913568607535e-01,5.719754844757903856e-01
8.181348886051446057e-01,6.860097439944741193e-01,9.270324512324357169e-01,9.378442187669377983e-01,3.043761285992174770e-01,4.357867923827662970e-01,0.000000000000000000e+00,9.273201746547714563e-01,6.884077667685650770e-01,5.300951736463717090e-01,7.599068055595048499e-01,7.972874531279640076e-01,8.996306614621444320e-01,7.567419894239263423e-01,6.263333305620358837e-01,4.934297909806676374e-01,2.761060063897529671e-01,4.322413869630094552e-01,7.823674387955115161e-01,6.851155559846835441e-01,2.989009217207371227e-01,4.637865975919422956e-01,7.268437459934666833e-01,8.457329131752669982e-01,5.280860338350585881e-01,4.149824111426563267e-01,5.942960911606014474e-01,5.189605723906272061e-01,3.933561142588525850e-01,3.554647704051446255e-01,5.038866783016052731e-01,5.292436216931809545e-01,6.598390679056116426e-01,7.014344565818374511e-01,6.629063063154659874e-01,3.623385271468108071e-01,5.983227954735069742e-01,5.566786756554807925e-01,7.684954312825152956e-01,5.216993305346087073e-01,2.625051566784092905e-01,5.738608158398114112e-01,8.634163994380976703e-01,8.021494652519148838e-01,8.851111916510563393e-01,8.999423337185771254e-01,8.224955411407597339e-01,7.811332100328863826e-01,8.934159584571427226e-01,8.616566068468599626e-01,8.743245455301756897e-01,8.930764937442701168e-01,8.145890552811920760e-01,7.945610711193532572e-01,8.093826942325937912e-01,8.388324029479515831e-01,4.991113023391801073e-01,2.328539820374542491e-01,0.000000000000000000e+00,3.755811392446797847e-01,8.954819265074782653e-01,6.346631895335720364e-01,7.279497976763505962e-01,8.241996308591689191e-01,8.038675318992374308e-01,8.612125305685868204e-01,7.464694601887909009e-01,7.756678503462394181e-01,4.550960974733816444e-01,5.244719467400190682e-01,5.005597962685665037e-01,5.804506262967950025e-01,3.678953384554061179e-01,4.725872250782121031e-01,3.308595260420715278e-01,4.041594367545813249e-01,1.898565697636606375e-01,3.159393939163164799e-01,0.000000000000000000e+00,0.000000000000000000e+00,5.236210359640361967e-01,4.480502880853888259e-01,2.313347201971549250e-01,1.728614349622235591e-01,8.764749656674779565e-01,9.017056030997099292e-01,5.516367691193329037e-01,2.695486195514177896e-01,8.783186071052149213e-01,8.890772867689995529e-01
7.448819561157876690e-01,6.646808870310085826e-01,8.750820656395236208e-01,9.343327182676620657e-01,4.437175196781923958e-01,5.591165554727979270e-01,9.273201746547714563e-01,0.000000000000000000e+00,7.427232552344191774e-01,6.770543849346732923e-01,7.436853383585572130e-01,7.419927754854963586e-01,8.646217258486276203e-01,6.970436797839346665e-01,6.690393591754565383e-01,6.151112649233581031e-01,2.711566600831630258e-01,4.076284799618817289e-01,7.549755964661366558e-01,6.603097910643279667e-01,3.159952246023257083e-01,4.189722374804987215e-01,7.514630690660091261e-01,8.539455326204073993e-01,6.094315836702832723e-01,4.632855629409414755e-01,6.094600320677263650e-01,5.521016635241265957e-01,3.727022494128766628e-01,3.506890044687535624e-01,5.609928007062666699e-01,6.238753805101882044e-01,6.138229580306615585e-01,6.994007813773401860e-01,6.962631508785566137e-01,4.046577349479443808e-01,5.857163449871938266e-01,5.841388260153925760e-01,7.556012511046323876e-01,5.912056709396760201e-01,1.823992736289959116e-01,5.370158777861097077e-01,8.237528053992974053e-01,7.985447363625856054e-01,8.517392848413375406e-01,8.640556556519211062e-01,8.336314799479553894e-01,8.091236152587204522e-01,8.521741257942775372e-01,8.366565134257627490e-01,8.115562593525521562e-01,8.678220805264333926e-01,7.481169009141312998e-01,7.161502134573551892e-01,7.872653909951102813e-01,8.180064169428522547e-01,4.295152275922453078e-01,1.973835504582725220e-01,1.096016379414189446e-01,4.196716272427822858e-01,8.460331172334376593e-01,6.207187573064170127e-01,6.912868495433132088e-01,8.054128430789460058e-01,7.741892918984194516e-01,8.402742980780508741e-01,7.635278947282682083e-01,7.895096113926570736e-01,4.323114142856330222e-01,5.056678521090731682e-01,3.729033609788069414e-01,4.545958413485073346e-01,3.164914563860088959e-01,3.682017913535700626e-01,2.286955297728157366e-01,3.001554569667103656e-01,1.102301040840464319e-01,2.214146182057286361e-01,0.000000000000000000e+00,0.000000000000000000e+00,5.077680775533427449e-01,4.648834653450082954e-01,2.250296110565530583e-01,2.453857740108726648e-01,8.744660817931453334e-01,8.942350638456856293e-01,5.102323574416552932e-01,3.609796888767924372e-01,8.490365114516805756e-01,8.781310754969612331e-01
5.216875018396104347e-01,5.364094919988180443e-01,6.443627295125693433e-01,7.136951370546631424e-01,6.699126133260143723e-01,6.964710677733449984e-01,6.884077667685650770e-01,7.427232552344191774e-01,0.000000000000000000e+00,8.371504454403253526e-01,5.090811767635560203e-01,5.110158179624325614e-01,6.394519712054881344e-01,4.544011686443253373e-01,8.315923559384290620e-01,5.765673036822124287e-01,2.206567777069566028e-01,3.576852651494266677e-01,6.128351768816159284e-01,5.407704056540614257e-01,2.457244765375787843e-01,3.082079905734756986e-01,6.789469014796573054e-01,7.137038628058028911e-01,7.916304370383830946e-01,6.758716420827105553e-01,5.991714540346625428e-01,4.992184940949180860e-01,1.858094306925012762e-01,2.931601005983924813e-01,4.242459061232974338e-01,4.656655854550679208e-01,4.484242326552417279e-01,5.656731968060866311e-01,5.947994925190662752e-01,3.626531693952618207e-01,4.908453727978026593e-01,4.964843421996133488e-01,6.430698540302250965e-01,5.734164031740819345e-01,8.761805734573797910e-02,3.913098196158378284e-01,6.642960058190200412e-01,6.848049206261839217e-01,6.688569411167506473e-01,6.700140925829047855e-01,7.335819159877925433e-01,7.546467709186709394e-01,6.770478476133744428e-01,6.833313473507344193e-01,6.034113239689505859e-01,6.857342608940987239e-01,5.734707738094342311e-01,5.848549105331691811e-01,6.518605040901542802e-01,6.807058805590877615e-01,3.361281599164968603e-01,2.293538648068134678e-01,2.026477162907471263e-01,4.869788445614259831e-01,5.928140784952422582e-01,4.502393606632205669e-01,4.313332362404501130e-01,6.052614891052650048e-01,4.755221856924082835e-01,6.282483976695641958e-01,6.865553058005348097e-01,6.945795965910177561e-01,3.418347553998889454e-01,4.616040766516560367e-01,0.000000000000000000e+00,1.031723979308303146e-01,0.000000000000000000e+00,1.071250497265206214e-01,0.000000000000000000e+00,6.957995533864665127e-02,0.000000000000000000e+00,0.000000000000000000e+00,0.000000000000000000e+00,0.000000000000000000e+00,4.027700908465334240e-01,4.226544376945193804e-01,2.589298788259614126e-01,3.766043121069860278e-01,7.066743864666356068e-01,7.149336514069652981e-01,3.097105107001640323e-01,4.201483713598731518e-01,7.066332109597057709e-01,7.622030355149772562e-01
3.262282691366535925e-01,3.810165028584965863e-01,4.816019401536054678e-01,5.755550326432579133e-01,7.484904468978089698e-01,7.023648495555512294e-01,5.300951736463717090e-01,6.770543849346732923e-01,8.371504454403253526e-01,0.000000000000000000e+00,4.064361675282571751e-01,3.101280246891238712e-01,4.796824822229358576e-01,2.732471624472695981e-01,7.567076701892044843e-01,6.498090299005978565e-01,1.888114379444352231e-01,2.721230322027570203e-01,4.851698525079199964e-01,4.146465099892575057e-01,2.687398534221177027e-01,2.177001122517620013e-01,6.114487578716216731e-01,5.742247561774523890e-01,7.775575197752228052e-01,6.208370919496639662e-01,5.025313650630822693e-01,4.447861455134261566e-01,1.364724395132173584e-01,2.619060292366010012e-01,4.310115974021448970e-01,5.082766488063127364e-01,3.040881681342075260e-01,4.485047776113939566e-01,5.520822418484557792e-01,3.450341207399096333e-01,4.083162449326743770e-01,4.333643583063985227e-01,5.269266881383877221e-01,5.223782860790007199e-01,0.000000000000000000e+00,2.696707163224378867e-01,4.961156265777813545e-01,5.570940662100878349e-01,5.150411231723125427e-01,5.037729972815460089e-01,6.133594760649868638e-01,6.763413367701884837e-01,5.176872196857814634e-01,5.308871433813621143e-01,4.227524099621937648e-01,5.508465080501554478e-01,3.888485072036659829e-01,3.800547580769153555e-01,4.896363953318479956e-01,5.312882283267666983e-01,1.613809451982727572e-01,1.150513454313211448e-01,3.167120096476885860e-01,4.565407801978904612e-01,4.397523510195927021e-01,3.439079910208256985e-01,2.915667432144844473e-01,4.876170673736767158e-01,3.763032119900394656e-01,4.964106842089389127e-01,5.957928499477457285e-01,5.741763442083995805e-01,2.369948642688039508e-01,3.377015815604121896e-01,0.000000000000000000e+00,0.000000000000000000e+00,0.000000000000000000e+00,0.000000000000000000e+00,0.000000000000000000e+00,0.000000000000000000e+00,0.000000000000000000e+00,0.000000000000000000e+00,0.000000000000000000e+00,0.000000000000000000e+00,3.725726157631135682e-01,4.087754297559998973e-01,1.867589160743209076e-01,4.200103047502148357e-01,5.927280732366878579e-01,5.815718213989864438e-01,1.728854872801972031e-01,4.501566551046548570e-01,5.550839979002003544e-01,6.353459864629711351e-01
8.088469642942148763e-01,7.923370719468152412e-01,7.699564551553589320e-01,7.808885783969162775e-01,3.306576480837333798e-01,4.493263512450622610e-01,7.599068055595048499e-01,7.436853383585572130e-01,5.090811767635560203e-01,4.064361675282571751e-01,0.000000000000000000e+00,8.196871925961455307e-01,8.614061636301904024e-01,7.660965740450429440e-01,5.265161952025181336e-01,5.065540464112932018e-01,5.900848282208783768e-01,6.762954384233436089e-01,7.798967973813973886e-01,7.540058454022622314e-01,4.985897218929083441e-01,5.913840477721417077e-01,6.490612875641522672e-01,7.061900771718936376e-01,4.912116804333184206e-01,4.511116010437518087e-01,6.414418343370807962e-01,5.289627960175963262e-01,6.780381254926483026e-01,6.010977523984395443e-01,6.387450265595343568e-01,6.457991929787947338e-01,7.480164422826119930e-01,7.901262110090151447e-01,6.797850990471807631e-01,4.825396409132503561e-01,6.776700210553341375e-01,6.923731648546541662e-01,7.255810922874703639e-01,6.120675801243937730e-01,4.365364203450928238e-01,6.377724438789024175e-01,7.905430509956739016e-01,7.581356289329642673e-01,7.489748063249938026e-01,7.451137482362857334e-01,7.541807273421600177e-01,7.352791456967350259e-01,7.400943207930694712e-01,7.197064237292787325e-01,7.444840409989053054e-01,7.189908989985440702e-01,7.224451380332930217e-01,7.256357939225361875e-01,7.222836609460659973e-01,7.601685088303866689e-01,6.942992417549576079e-01,5.386424341149734785e-01,1.892870128042008493e-01,5.433835695281717948e-01,8.130641597087990835e-01,6.516766458271873175e-01,8.114013409667385490e-01,8.103598550442534520e-01,7.116409163034386198e-01,7.185807501067829062e-01,7.598305876883071353e-01,7.623384624420511679e-01,6.053141960987360459e-01,6.818312840644900064e-01,5.849791187954861416e-01,6.311463667978723935e-01,5.922142014594342641e-01,6.241981712248237946e-01,4.721711915738329157e-01,5.193752934928187459e-01,4.383772962883311086e-01,5.033520984489875394e-01,1.528005247852152748e-01,1.642149237378122129e-01,6.583279004411584090e-01,6.173815399757724975e-01,3.911293827260184930e-01,4.477608036217615717e-01,7.557314728353266009e-01,7.589931884427514319e-01,5.986460254579648588e-01,4.073825259695403322e-01,7.530388625603303687e-01,7.788712258846949288e-01
8.902033586393706122e-01,8.658591729624057765e-01,8.611561277594895758e-01,8.532711475151404379e-01,2.293703276837945892e-01,4.878404261440462131e-01,7.972874531279640076e-01,7.419927754854963586e-01,5.110158179624325614e-01,3.101280246891238712e-01,8.196871925961455307e-01,0.000000000000000000e+00,8.547142804054506104e-01,8.812928915924168605e-01,5.289464657010019000e-01,4.414053404217881948e-01,5.654661519965608063e-01,6.703980719250182130e-01,8.340319777837119641e-01,8.205782624791533308e-01,4.913366918527504734e-01,6.643709416715791738e-01,6.609313210800762395e-01,7.799889469047514012e-01,4.775727370073208355e-01,4.957531152131793850e-01,7.115800250989511300e-01,5.777461904876033394e-01,6.682357938079179771e-01,5.977801728631595424e-01,5.575278724167769262e-01,5.493761263013364760e-01,8.002757200529827530e-01,8.152268843845593693e-01,7.149439892914268846e-01,5.078805425725634315e-01,6.628914871999549430e-01,6.702855588626798200e-01,7.225844993256225202e-01,5.550769372121148182e-01,5.363987393382972924e-01,6.381584671485229787e-01,8.663026487183695945e-01,8.039847672176895221e-01,8.162880721796413885e-01,8.192052812598569211e-01,7.943157228370361089e-01,7.703026473689709164e-01,8.053307707785478664e-01,8.044758766373755199e-01,8.021271876705803328e-01,7.641025513717093487e-01,8.083731259448886375e-01,8.479857282981176914e-01,7.982155258436686163e-01,8.225284606626939166e-01,7.731637860442085453e-01,5.792789208550011004e-01,9.574248743926870586e-02,4.938709107827787270e-01,8.149120094120262392e-01,6.189759152020717359e-01,8.529777082989242754e-01,7.892392421314148310e-01,6.749419848877001860e-01,7.251991622727008702e-01,8.021258159514572661e-01,8.297267704279303047e-01,6.795084393549672974e-01,7.411601714894490156e-01,6.917682667232725180e-01,7.340201253194774678e-01,6.357574123466767091e-01,7.342019511046299352e-01,5.745786235153004240e-01,6.297153328454861976e-01,5.212835194149856299e-01,6.349898858874923890e-01,1.994717807973133139e-01,2.138724174369425746e-01,6.579763690632980389e-01,5.954348740505782667e-01,3.475666856119108417e-01,3.800406845418264346e-01,7.538344553507927426e-01,7.751812997218523460e-01,5.760550214682874648e-01,3.374865442730322074e-01,7.955680769712678568e-01,7.813327484125054401e-01
8.507427406973461226e-01,7.828707225531784664e-01,8.822811908268879399e-01,8.940871465971850229e-01,3.311966486345636063e-01,4.760201259403240570e-01,8.996306614621444320e-01,8.646217258486276203e-01,6.394519712054881344e-01,4.796824822229358576e-01,8.614061636301904024e-01,8.547142804054506104e-01,0.000000000000000000e+00,8.351584774219799057e-01,6.377310078513571678e-01,5.343500042772929559e-01,4.362053094659842367e-01,5.764715121120409513e-01,8.132339020060816992e-01,7.365326535639710182e-01,4.024344725880535378e-01,5.281006062231681231e-01,6.895797501702609633e-01,8.216555859996056421e-01,5.378509800691646525e-01,4.674017002244843511e-01,6.496538675522094408e-01,5.448373350464188469e-01,5.405231293913476120e-01,4.837182430148274093e-01,5.758540265014311377e-01,5.866942653849239742e-01,7.238326281821744201e-01,7.579047784407548782e-01,7.107175779531644810e-01,4.499097208655152835e-01,6.604789012482553678e-01,6.527115201708071357e-01,7.897523168679547734e-01,5.986693016627221420e-01,3.457166310001177911e-01,6.385261318463764102e-01,8.829390871906874771e-01,8.197220815885396528e-01,8.763985450590663362e-01,8.767935425509391090e-01,8.475856047476503230e-01,7.890416269592802623e-01,8.800123592928911220e-01,8.375027750956312023e-01,8.682446772116704237e-01,8.466246146196569899e-01,8.190390454031555301e-01,8.109456328353944476e-01,8.215219349685763950e-01,8.393771571087516037e-01,6.294939822809560992e-01,4.119964505272772914e-01,0.000000000000000000e+00,4.675344316188522198e-01,9.072656414424010718e-01,6.748875994501952746e-01,8.114349075750806328e-01,8.628209522892186234e-01,7.758152148139594306e-01,8.132539778059053592e-01,7.770012520142388635e-01,7.967791312541954163e-01,5.287307871099469203e-01,6.257212018403301990e-01,5.558686317131409371e-01,6.228342731191055526e-01,4.850704350502470508e-01,5.570685055634013727e-01,4.092674063586118072e-01,4.639826004732438003e-01,2.909166828191168119e-01,4.045335882935223726e-01,0.000000000000000000e+00,0.000000000000000000e+00,5.952251803670921548e-01,5.323647448337793797e-01,3.237155303793289307e-01,3.101852854765521639e-01,8.624140247380074342e-01,8.791715089636592539e-01,5.807481499536629732e-01,3.371733755733953286e-01,8.708795221718327317e-01,8.794238613261261550e-01
8.234749779934738001e-01,7.736611226250198481e-01,7.834008457340668752e-01,7.889024759765410622e-01,2.030210863240175523e-01,4.574207432459402312e-01,7.567419894239263423e-01,6.970436797839346665e-01,4.544011686443253373e-01,2.732471624472695981e-01,7.660965740450429440e-01,8.812928915924168605e-01,8.351584774219799057e-01,0.000000000000000000e+00,4.919350374398774317e-01,4.468472419813549479e-01,5.196835836353880245e-01,6.055963201545154773e-01,7.631304137924790343e-01,7.305656420967123754e-01,4.151011586415147003e-01,6.062516187064599382e-01,5.751039822466511575e-01,7.368027121701058446e-01,4.304268413975435581e-01,4.197607170128658804e-01,6.508378782762248571e-01,5.860169254822745755e-01,6.133513635922623886e-01,5.605790911976725743e-01,5.383274067118021255e-01,5.020832165460541452e-01,7.279777784728906909e-01,7.322776775561475882e-01,6.559179626451755452e-01,4.787430441122089153e-01,6.291698713614348737e-01,6.357952731038484240e-01,6.832307764019909246e-01,4.931607080448275893e-01,4.622143902950104910e-01,6.061742007314707692e-01,8.180737615253970141e-01,7.572784545109614296e-01,7.903991103636620608e-01,7.885719336377037259e-01,7.372905913746747864e-01,7.123538119924650580e-01,7.879349748817757737e-01,7.724952846967926279e-01,7.734291317870222171e-01,7.314052803314113893e-01,7.422285468273082110e-01,7.844510325201596856e-01,7.359068673869136878e-01,7.645789129390925254e-01,7.063902504805411597e-01,4.974786236914192639e-01,0.000000000000000000e+00,3.917262199854784077e-01,7.948384929428975454e-01,5.543775674362090289e-01,8.362164091998156579e-01,7.504272657581554373e-01,6.568643531011725267e-01,6.691782936608540178e-01,7.397722843575386120e-01,7.559685200671053540e-01,5.788153619367473190e-01,6.471188271259313840e-01,6.509174702280829949e-01,7.056032966866263578e-01,6.021191532885953324e-01,6.753892906196911072e-01,5.341491990019817671e-01,5.607911650868724340e-01,4.619739793902690184e-01,5.686718056340082095e-01,1.847410163827719609e-01,1.964096758088900441e-01,6.085590092158311704e-01,5.476244787718119733e-01,3.705499523943089346e-01,3.398143029605436016e-01,7.365178933169863607e-01,7.590290849507079773e-01,5.870752025505860949e-01,3.450044818710367722e-01,7.587634595648470315e-01,7.549745037918446089e-01
5.221093998993469043e-01,5.594029092380955470e-01,5.843599611068831523e-01,6.382976632413602802e-01,6.850836983699688520e-01,6.981280727732310787e-01,6.263333305620358837e-01,6.690393591754565383e-01,8.315923559384290620e-01,7.567076701892044843e-01,5.265161952025181336e-01,5.289464657010019000e-01,6.377310078513571678e-01,4.919350374398774317e-01,0.000000000000000000e+00,6.093252133643096702e-01,3.105243473784494723e-01,4.202793122247118762e-01,6.201987810508104992e-01,5.564386459159811338e-01,3.434406069023682173e-01,3.854135697561084095e-01,6.745158621691584866e-01,6.564973204899883230e-01,7.680954015750062203e-01,6.561956612821172596e-01,6.130487744864326904e-01,5.690615887899280745e-01,2.758789036097510361e-01,4.141762389202459649e-01,4.811295326426400232e-01,4.510533950235628420e-01,4.360019326891766966e-01,5.447160892575254598e-01,6.247475793502080821e-01,4.187065917014737293e-01,5.479612384983861828e-01,5.450583971464079136e-01,6.148706585400036673e-01,5.601452222706213568e-01,1.980732113532632788e-01,4.368632049853430344e-01,6.187180142003443351e-01,6.153482698958473440e-01,5.974125228231373930e-01,5.765141096988655178e-01,6.778874708252012882e-01,6.854577037006525098e-01,5.939967520482761776e-01,5.911494460772023229e-01,5.244765874507723025e-01,5.792762609852691869e-01,5.036395496357262136e-01,5.253802127759860108e-01,6.065909298718369369e-01,6.338472673559929493e-01,3.859481715914389599e-01,3.201395494700158273e-01,2.264616980913501665e-01,5.105956000051692367e-01,5.289857391820509402e-01,4.447965597773977930e-01,4.592487168381609863e-01,5.989111237337791938e-01,4.173900587007491336e-01,5.592442383242911541e-01,6.554321995924488053e-01,6.453951887465763093e-01,3.605836577929607545e-01,4.571868938646642122e-01,0.000000000000000000e+00,8.791950522248311028e-02,6.796705492210085298e-02,1.403665897464579648e-01,0.000000000000000000e+00,1.078215420421608506e-01,0.000000000000000000e+00,0.000000000000000000e+00,0.000000000000000000e+00,1.391585624250130937e-01,4.749034081001798913e-01,5.089631923147446280e-01,3.788395340405726897e-01,5.056088303234439474e-01,6.413893102580897621e-01,6.150475398585144582e-01,2.805798878040806632e-01,4.391565300574809538e-01,6.437577439657733436e-01,6.991510661909180468e-01
4.028442287438974700e-01,4.919939047591829762e-01,4.374274176606470776e-01,5.516203628934737146e-01,5.759723280299630099e-01,7.374604261794007742e-01,4.934297909806676374e-01,6.151112649233581031e-01,5.765673036822124287e-01,6.498090299005978565e-01,5.065540464112932018e-01,4.414053404217881948e-01,5.343500042772929559e-01,4.468472419813549479e-01,6.093252133643096702e-01,0.000000000000000000e+00,3.957927570841627829e-01,4.340869892287796405e-01,5.001135104978060575e-01,4.688486122773142806e-01,4.292023950757968831e-01,4.225689066862475807e-01,5.374008875327459522e-01,5.280579678818870804e-01,6.301641703923724913e-01,5.245244747298609678e-01,6.104645865084497025e-01,5.480626547086462352e-01,3.945712210968286837e-01,5.035762729950777894e-01,4.795891997391724670e-01,5.091474973208354182e-01,3.842413047917323521e-01,5.075293649522624184e-01,6.736917980164666142e-01,5.723646896941094742e-01,5.490276708963580665e-01,5.885876551047604099e-01,5.338187612353997302e-01,5.290883768897891581e-01,1.901852899309612599e-01,3.438678745272139570e-01,4.802860748426246440e-01,5.152322832294063959e-01,4.555770160034556815e-01,4.436344022386012886e-01,5.541900196810819468e-01,6.149876598017759433e-01,4.573859079084626744e-01,4.746076722953955218e-01,3.929746863713748928e-01,4.979163685885653612e-01,3.976829930523061996e-01,4.153417673901833584e-01,4.467299418168573788e-01,4.774703933664438682e-01,2.918224136530830903e-01,2.879290970136392791e-01,3.100760187576837579e-01,4.826541784767028886e-01,4.545561328450095639e-01,4.272778834107370249e-01,4.688288290808820258e-01,5.545610800522714490e-01,4.452265943026587069e-01,5.090100271259661024e-01,5.859830317276705225e-01,5.864574840108709441e-01,3.062253174761785934e-01,4.103808416128058578e-01,0.000000000000000000e+00,1.079050525628819784e-01,2.526280871244089843e-01,2.072635283146889440e-01,1.422175152409469734e-01,1.666685088406359705e-01,1.668460187859297505e-01,1.820482240635016014e-01,0.000000000000000000e+00,1.238209398072522144e-01,5.066980159351542889e-01,5.224290329674505795e-01,3.026356328973725529e-01,5.551450581095808134e-01,5.988267995795856224e-01,5.504123442499069263e-01,1.767122077972183292e-01,3.684299724174671664e-01,5.009585257669100233e-01,5.617054918153288057e-01
5.797305927453891838e-01,7.229285766244597511e-01,3.780570505410233428e-01,3.707675774325683848e-01,3.134805785191848715e-01,3.875307544658119774e-01,2.761060063897529671e-01,2.711566600831630258e-01,2.206567777069566028e-01,1.888114379444352231e-01,5.900848282208783768e-01,5.654661519965608063e-01,4.362053094659842367e-01,5.196835836353880245e-01,3.105243473784494723e-01,3.957927570841627829e-01,0.000000000000000000e+00,8.802666430148233800e-01,6.447919594339941440e-01,6.838984965404331096e-01,6.396479155898217028e-01,6.822239721812858315e-01,4.063897021456792102e-01,3.656423418724872310e-01,3.675750705014734221e-01,4.297713078878116488e-01,6.071940301400110540e-01,5.224151314847795824e-01,8.486449663625167394e-01,8.517253266866142702e-01,6.080659053226655786e-01,4.951653715580426329e-01,6.856676401183904312e-01,6.877078173641580916e-01,5.938622110096504203e-01,5.947084669725222206e-01,6.598661938380651071e-01,6.842904243528211694e-01,5.101083178152072684e-01,5.229352141632550577e-01,6.263518234115518224e-01,5.402610230877065156e-01,5.083226235428645046e-01,5.010402713882068371e-01,3.749114273594008062e-01,3.614296356824558965e-01,4.712138547256917165e-01,5.164787204596286152e-01,3.538281178650614645e-01,3.595376152551233440e-01,3.787702703853717545e-01,3.264059123783929484e-01,4.603832323933308990e-01,5.036051959234750797e-01,4.329062017200430157e-01,4.500553837856468564e-01,8.313828781957408598e-01,8.651396341772069620e-01,4.029579943082108873e-01,5.609810954129738070e-01,4.082294667815273281e-01,3.823244722728126876e-01,6.706329731270597172e-01,5.512781542513435218e-01,2.801160963765671474e-01,2.872277962609031676e-01,6.581625735332875538e-01,6.075383047430454875e-01,7.537893331228209259e-01,7.590395526866197118e-01,4.273320859858606435e-01,4.332050524069404052e-01,6.617303256158212355e-01,5.963586018934765587e-01,5.024728797657168622e-01,5.048459347028144695e-01,6.074451109886376265e-01,5.951100921764043150e-01,6.718771126458719101e-01,4.966961735522961718e-01,8.063125883622979106e-01,7.975834096689498054e-01,5.303216520822265911e-01,7.218495696819038354e-01,4.014186264296176754e-01,3.807301431200442732e-01,3.642315464105262968e-01,3.738268799039644041e-01,4.035346276632438278e-01,4.329490413048312503e-01
