0.000000000000000000e+00,6.945000929384292920e-01,7.686502536209531833e-01,5.470106352742989397e-01,6.861656612284070533e-01,0.000000000000000000e+00,8.630814022298228805e-01,0.000000000000000000e+00,7.255513033793311584e-01,3.009768110523866613e-01,6.816344781789737128e-01,8.404579501884776871e-01,7.914597090989201611e-01,6.327315774531868664e-01,8.139399619634449801e-01,0.000000000000000000e+00,5.773443069188328725e-01,6.582851818510550013e-01,7.769248105941052307e-01,6.556759012304654854e-01,2.580892720767088977e-01,0.000000000000000000e+00,5.421288719574232084e-01,8.035451121064627333e-01,0.000000000000000000e+00,4.348329133310689931e-01,2.506606518709316167e-01,1.621964178434079917e-01,7.380841496657831735e-01,4.680723168788077926e-01,6.042434565198917529e-01,5.230253589327000796e-01,7.377016668684781564e-01,6.933049065459916394e-01,7.583627112164478268e-01,6.910458661394032198e-01,6.911789318579093511e-01,1.652582432212151287e-01,5.112236147587754242e-01,0.000000000000000000e+00,4.573812561040466740e-01,0.000000000000000000e+00,3.571376165297252547e-01,0.000000000000000000e+00,6.517622748707522229e-01,0.000000000000000000e+00,0.000000000000000000e+00,0.000000000000000000e+00,5.637757764671627037e-01,0.000000000000000000e+00,6.939750387240384288e-01,0.000000000000000000e+00,0.000000000000000000e+00,0.000000000000000000e+00,7.655570387762547502e-02,0.000000000000000000e+00,9.318976689791254042e-01,5.765577625740047063e-01,8.227945921295160003e-01,0.000000000000000000e+00,8.528256698900658073e-01,0.000000000000000000e+00,8.401086232388540465e-01,7.544477575489169086e-01,7.556303537865917130e-01,0.000000000000000000e+00,7.222938448172308012e-01,0.000000000000000000e+00,7.421436681964549420e-01,0.000000000000000000e+00,6.690901758700065205e-01,0.000000000000000000e+00,6.653376787527524039e-01,3.801406234788693439e-01,4.076442233677985416e-01,0.000000000000000000e+00,6.037802945486310247e-01,2.295779725814446059e-01,1.453216218361001177e-01,1.180303477521628952e-01,7.853260289896645263e-01,5.019574900014553975e-01,5.464528148766829574e-01,4.057093883434651493e-01,7.192877305776648189e-01,1.784272161783981292e-01,6.878200098858644473e-01,4.596578762070081536e-01,8.534648214941722433e-01,0.000000000000000000e+00
6.945000929384292920e-01,0.000000000000000000e+00,8.028718277097511846e-01,6.109587327795493739e-01,3.571761584526458311e-01,0.000000000000000000e+00,6.216064305460763384e-01,2.828105359554179965e-01,5.865554960056784672e-01,5.063476002985178859e-01,5.243086297016789077e-01,6.585966638078614155e-01,5.500789463435806770e-01,6.742948038639194897e-01,6.969716313692815302e-01,2.585546831514473620e-01,3.635628819308479032e-01,6.930098824136353697e-01,7.095263924812262868e-01,8.077941667271204551e-01,2.876461188519845447e-01,0.000000000000000000e+00,7.168222242474072692e-01,6.179267670990890027e-01,0.000000000000000000e+00,4.537507586074117638e-01,1.957554685846147058e-01,0.000000000000000000e+00,5.816645616743570946e-01,6.027066389762562038e-01,6.027997453255284910e-01,6.447685150967877865e-01,5.912897898750572034e-01,7.383946939035832546e-01,6.304046506203218048e-01,6.286177181390698587e-01,6.415583833781053347e-01,4.534397354810174585e-01,4.120412304354720834e-01,1.050853948364836865e-01,3.834423955755913438e-01,3.108292283113909815e-01,1.993147478516230642e-01,0.000000000000000000e+00,3.951726243608066902e-01,0.000000000000000000e+00,1.349910023211549626e-01,0.000000000000000000e+00,4.587751403864124278e-01,0.000000000000000000e+00,4.805532098355993487e-01,0.000000000000000000e+00,0.000000000000000000e+00,0.000000000000000000e+00,2.282379373703651848e-01,0.000000000000000000e+00,6.535071724214265299e-01,8.454808461318654711e-01,5.494942026983233863e-01,0.000000000000000000e+00,5.417359090054364446e-01,1.857243347258011601e-01,5.499400075791537335e-01,6.966959267246503051e-01,5.703982110014255147e-01,1.455147181049393224e-01,6.787692209562059542e-01,3.536620864313152479e-01,5.781747850258918131e-01,2.148520373644862702e-01,5.514451899779556632e-01,2.459639605917927074e-01,6.424247508357265879e-01,6.553338136163502359e-01,5.116469675346958512e-01,2.788825463308115538e-01,6.419863403303317506e-01,5.764803926288158964e-01,7.362805017954637821e-02,1.812930430090740341e-01,5.536062301298934063e-01,6.125692541837671756e-01,2.604020028589116298e-01,3.555201681855387208e-01,5.759683336487440020e-01,4.123769474807801316e-01,3.528645684157467044e-01,2.371798906545999619e-01,5.788908414378628464e-01,0.000000000000000000e+00
7.686502536209531833e-01,8.028718277097511846e-01,0.000000000000000000e+00,7.419745749651344147e-01,5.214064359102565938e-01,8.670996296755163757e-02,8.007639349187499755e-01,3.545498518710782920e-01,6.799644852455449806e-01,5.248782578395595477e-01,6.756287510373165661e-01,8.061542949089693932e-01,7.153004298087085600e-01,7.810576514575852114e-01,7.672500144580330916e-01,1.817348783916881427e-01,4.825208965049596066e-01,7.133936573354319188e-01,7.727954400139330771e-01,7.354395876626004247e-01,1.816281426863576853e-01,0.000000000000000000e+00,7.941982749227799454e-01,8.095746713034001063e-01,0.000000000000000000e+00,4.585490040452916971e-01,1.852990654517364111e-01,0.000000000000000000e+00,7.255976186195887134e-01,5.976881735934361783e-01,6.314036583022294424e-01,6.403313770535606908e-01,6.488319089149645613e-01,7.891330482405313207e-01,7.325842812241496471e-01,7.294575825320249729e-01,7.112897873405501503e-01,3.145199422698214398e-01,4.529388646638949356e-01,0.000000000000000000e+00,4.237108791062677016e-01,1.747795593805188397e-01,4.061873992028836033e-01,0.000000000000000000e+00,4.835847054945822121e-01,0.000000000000000000e+00,6.393498204799261120e-02,0.000000000000000000e+00,6.516169508380137421e-01,0.000000000000000000e+00,6.977246949765757433e-01,0.000000000000000000e+00,0.000000000000000000e+00,0.000000000000000000e+00,1.097119822382320586e-01,0.000000000000000000e+00,7.136413135458127277e-01,6.206380848512879078e-01,6.715026544323398072e-01,0.000000000000000000e+00,6.763924662195552884e-01,0.000000000000000000e+00,7.027456116816640508e-01,7.356682844888601247e-01,6.682406637708817598e-01,0.000000000000000000e+00,6.821364431263513550e-01,1.933544758311440404e-01,5.122198350048755566e-01,0.000000000000000000e+00,6.526389784357886636e-01,1.403214873279147457e-01,7.112211592127365423e-01,5.955405771442031648e-01,4.117047805646307235e-01,1.170550124510955359e-01,6.131933174259220909e-01,4.735162998254368594e-01,1.145364437869815233e-01,1.479527625353684317e-01,6.396975041422783281e-01,6.190657964309045358e-01,3.486412257706347773e-01,3.805612826993280406e-01,7.159562976049984595e-01,3.933106821996629199e-01,5.041223664072722599e-01,3.697602207842337063e-01,7.127369089563204696e-01,0.000000000000000000e+00
5.470106352742989397e-01,6.109587327795493739e-01,7.419745749651344147e-01,0.000000000000000000e+00,3.132037711048945017e-01,2.423826856851858669e-01,6.391870231142470216e-01,6.766953677886746732e-01,4.671860437041715497e-01,5.307111994804064592e-01,5.272770596200621052e-01,6.198610119798534379e-01,4.961434473838425840e-01,7.043068647864296761e-01,5.253132491424320483e-01,2.340648277813527633e-01,3.766465707041841693e-01,5.739697437991353457e-01,6.361004169571924383e-01,6.727823615294864501e-01,0.000000000000000000e+00,0.000000000000000000e+00,6.663448765526188700e-01,6.413164130386725947e-01,9.777338514146034776e-02,3.053120562240564384e-01,1.450811836516022191e-01,0.000000000000000000e+00,5.866714879579751907e-01,4.750174017094282441e-01,4.144961914687330662e-01,4.963924830255292409e-01,4.906216378041151072e-01,7.043141565676406257e-01,4.787100333960805365e-01,4.922081817319941544e-01,4.825736375620205965e-01,1.651632446830948175e-01,2.083100452653334766e-01,0.000000000000000000e+00,2.893901110387815390e-01,1.347171178855309792e-01,4.986762372832432288e-01,0.000000000000000000e+00,3.868014552882503843e-01,0.000000000000000000e+00,2.149822854920840631e-01,0.000000000000000000e+00,6.790230843139987149e-01,0.000000000000000000e+00,6.251887179756272506e-01,1.273132161450409305e-01,0.000000000000000000e+00,0.000000000000000000e+00,1.153524530445430435e-01,0.000000000000000000e+00,5.176391490462475264e-01,4.922835262947663493e-01,4.822606820576061382e-01,0.000000000000000000e+00,4.448884121754534404e-01,8.859280707149613798e-02,5.118603281465239352e-01,5.445774752600861524e-01,4.381979186592527276e-01,1.114806849389429477e-01,4.975590223926751876e-01,2.127674838598454798e-01,3.641782631684580274e-01,1.587384208213721559e-01,5.946625326646830523e-01,3.547454347498024130e-01,6.299563489816656370e-01,5.393906587635997063e-01,3.140126388909494359e-01,1.060146885111888787e-01,5.199018000934387818e-01,4.592825554786734155e-01,0.000000000000000000e+00,0.000000000000000000e+00,3.895051319145638180e-01,4.565907394809753383e-01,1.070630365026342540e-01,2.179202945009576231e-01,5.491295494755547013e-01,3.489743114469362473e-01,3.105361121325911355e-01,2.985145189983475222e-01,4.556359735154987822e-01,0.000000000000000000e+00
6.861656612284070533e-01,3.571761584526458311e-01,5.214064359102565938e-01,3.132037711048945017e-01,0.000000000000000000e+00,1.758600104375933337e-01,7.019455843712292253e-01,0.000000000000000000e+00,6.314870618998866814e-01,1.897187157945826319e-01,5.089951952713237526e-01,6.873900206006100522e-01,6.120547101648990962e-01,4.028168416780012473e-01,6.820191665135366677e-01,0.000000000000000000e+00,4.279936255040820980e-01,4.064484092920333524e-01,4.727085933736321910e-01,3.558927880632808405e-01,2.655832862501196212e-01,0.000000000000000000e+00,4.659265840217312049e-01,7.291362616503138661e-01,9.582911796142022653e-02,5.056733023819625084e-01,2.319028477833195157e-01,3.118857348602582236e-01,5.639038800047877498e-01,3.347269667455264885e-01,6.033177816404320382e-01,3.518168277769270214e-01,5.714349697272140816e-01,5.190573764736861051e-01,6.408896781299002754e-01,5.894853912981337096e-01,5.887357099270548177e-01,1.516600082578337394e-01,6.043878082065229362e-01,0.000000000000000000e+00,4.440538320259824756e-01,0.000000000000000000e+00,3.972634338638226792e-01,0.000000000000000000e+00,4.747737129337021300e-01,0.000000000000000000e+00,0.000000000000000000e+00,0.000000000000000000e+00,5.030737334813173423e-01,0.000000000000000000e+00,6.839288735414809084e-01,0.000000000000000000e+00,0.000000000000000000e+00,0.000000000000000000e+00,6.776291602349025778e-02,0.000000000000000000e+00,7.239474184032937965e-01,2.767593423530430030e-01,7.377872397811010563e-01,0.000000000000000000e+00,7.929729333897433952e-01,0.000000000000000000e+00,7.297082736205473541e-01,6.189648373057610176e-01,6.871795291278751661e-01,0.000000000000000000e+00,5.886281464286245990e-01,0.000000000000000000e+00,5.129410095999856756e-01,0.000000000000000000e+00,3.368113620807455799e-01,0.000000000000000000e+00,2.965901055784244122e-01,6.697797891513200541e-02,7.390741588770226300e-02,0.000000000000000000e+00,2.786623679491331829e-01,0.000000000000000000e+00,1.176294146395004125e-01,0.000000000000000000e+00,5.815680856452808412e-01,4.163804413833004370e-01,5.269993812328005456e-01,3.789927448913879560e-01,6.691721715874240362e-01,2.516801503776799342e-01,6.174017803399056703e-01,3.417262024015194632e-01,7.809939021398912828e-01,0.000000000000000000e+00
0.000000000000000000e+00,0.000000000000000000e+00,8.670996296755163757e-02,2.423826856851858669e-01,1.758600104375933337e-01,0.000000000000000000e+00,1.080594868201407849e-01,3.618294100445767492e-01,0.000000000000000000e+00,3.281880089668872680e-01,7.337373069973035511e-02,9.698029917206278661e-02,0.000000000000000000e+00,2.315398295677015827e-01,0.000000000000000000e+00,3.531047693814133304e-01,0.000000000000000000e+00,9.877681889344164246e-02,0.000000000000000000e+00,1.383843317294947972e-01,0.000000000000000000e+00,1.729999031077209537e-01,2.851157022825194787e-01,1.441809851328767766e-01,3.393421574112135963e-01,1.806478369459934563e-01,1.238155633937412098e-01,1.701877316039939469e-01,0.000000000000000000e+00,2.307565112049409783e-01,1.857428229174476475e-01,1.967022945918859844e-01,8.528699383996153627e-02,2.197351952282237120e-01,0.000000000000000000e+00,6.672340867054861457e-02,1.064048154731251916e-01,1.611829919937420308e-01,7.186951795171839241e-02,7.208080504951272505e-02,6.793546103822731275e-02,2.044158281718878589e-01,3.023773152875590675e-01,3.355753990872378245e-01,0.000000000000000000e+00,2.093989381922724546e-01,2.178510988568042872e-01,1.704506481018449038e-01,2.866626899081564095e-01,2.660791514306576344e-01,2.305850041172742837e-01,3.717202152246538716e-01,3.171426218229927985e-01,2.234777022345322550e-01,8.299265302152718238e-02,0.000000000000000000e+00,0.000000000000000000e+00,0.000000000000000000e+00,6.591293587605147331e-02,8.111487579370747769e-02,0.000000000000000000e+00,2.481227637505939165e-01,0.000000000000000000e+00,0.000000000000000000e+00,9.056505823007135469e-02,2.891580198600839924e-01,7.831400382584730036e-02,9.850575169978224854e-02,0.000000000000000000e+00,1.572454511045088821e-01,0.000000000000000000e+00,3.035826991726700008e-01,0.000000000000000000e+00,1.430932928979798124e-01,0.000000000000000000e+00,1.163440676573080507e-01,8.676126639626631498e-02,2.407161564166477308e-01,0.000000000000000000e+00,0.000000000000000000e+00,0.000000000000000000e+00,1.728182230244781348e-01,0.000000000000000000e+00,1.133870721613050997e-01,1.498970909875607660e-01,3.982064498891147997e-01,0.000000000000000000e+00,6.321069218038542770e-02,0.000000000000000000e+00,8.762688027656444223e-02
8.630814022298228805e-01,6.216064305460763384e-01,8.007639349187499755e-01,6.391870231142470216e-01,7.019455843712292253e-01,1.080594868201407849e-01,0.000000000000000000e+00,2.390738506654665751e-01,7.386027340304670563e-01,4.075212670389519731e-01,7.145753844770678098e-01,8.399212647272884524e-01,8.015975933874338599e-01,7.109480999861048645e-01,8.018313338215645736e-01,6.334143855176371796e-02,4.963644797896181737e-01,6.426314378736794897e-01,6.994304220597707955e-01,5.984979679764199645e-01,2.802214235490610994e-01,0.000000000000000000e+00,6.336297540638730075e-01,8.423945097774160340e-01,0.000000000000000000e+00,4.947054707174095567e-01,2.922460964250587212e-01,2.217586934755674533e-01,7.163208140531498458e-01,4.738989908890084979e-01,6.728988576599476135e-01,5.821300421242968648e-01,7.095345795298843017e-01,7.512489566504260141e-01,7.377445266408770852e-01,6.681447304924010844e-01,7.115731710685178069e-01,2.590240672211448492e-01,4.816673190638099400e-01,0.000000000000000000e+00,4.562401056641556818e-01,1.111109266394102735e-01,4.465599234223164293e-01,0.000000000000000000e+00,5.843584398248404810e-01,0.000000000000000000e+00,0.000000000000000000e+00,0.000000000000000000e+00,6.715425968337225271e-01,0.000000000000000000e+00,7.488976267495507377e-01,0.000000000000000000e+00,0.000000000000000000e+00,0.000000000000000000e+00,8.252071094257307227e-02,0.000000000000000000e+00,8.096277366436148704e-01,5.072786223250457249e-01,7.984711532557217106e-01,0.000000000000000000e+00,8.357827149092122987e-01,0.000000000000000000e+00,8.060116545283456668e-01,7.679314006669994974e-01,8.087833770775983977e-01,0.000000000000000000e+00,7.509670911682652106e-01,1.520542770202978899e-01,6.012391113713002611e-01,0.000000000000000000e+00,6.719997819149856610e-01,6.589709980990363092e-02,6.430561183825874716e-01,4.041633851284121559e-01,3.809826417434813428e-01,0.000000000000000000e+00,5.921443475191326966e-01,2.949551281600454877e-01,0.000000000000000000e+00,0.000000000000000000e+00,6.648313460168910893e-01,5.302067189237810174e-01,4.532211779936058393e-01,4.045287396537540214e-01,7.525153877941028746e-01,3.160709855906964627e-01,6.399548155700031105e-01,4.170938557348927711e-01,8.300842468632626536e-01,0.000000000000000000e+00
0.000000000000000000e+00,2.828105359554179965e-01,3.545498518710782920e-01,6.766953677886746732e-01,0.000000000000000000e+00,3.618294100445767492e-01,2.390738506654665751e-01,0.000000000000000000e+00,0.000000000000000000e+00,3.726816378890496217e-01,3.135827810018186890e-01,1.811758136879110803e-01,1.615478277149554331e-01,5.199770168196686804e-01,0.000000000000000000e+00,2.487867150018959195e-01,1.589755756494519168e-01,3.245612013629853854e-01,2.707709207632672532e-01,4.132558786716334365e-01,0.000000000000000000e+00,0.000000000000000000e+00,3.797579338382858771e-01,1.524693167081255241e-01,1.280587743663349487e-01,0.000000000000000000e+00,1.198852984037050012e-01,0.000000000000000000e+00,2.026616350842129211e-01,1.736310124389780496e-01,0.000000000000000000e+00,2.482110722711176054e-01,1.055804916216193240e-01,3.675145434251310683e-01,1.007696662848403535e-01,8.536753809269360949e-02,6.113502131439830373e-02,0.000000000000000000e+00,0.000000000000000000e+00,0.000000000000000000e+00,0.000000000000000000e+00,8.928498304320828249e-02,3.526405002794443244e-01,3.487357049149327204e-01,1.306257406778982000e-01,3.862021065761135907e-01,2.224587649203052242e-01,2.387888726000405581e-01,4.303729985684632275e-01,4.604635509313462771e-01,2.404822021016711497e-01,4.302111387020047251e-01,3.061723538317405735e-01,2.943776771979090268e-01,0.000000000000000000e+00,0.000000000000000000e+00,0.000000000000000000e+00,2.303530175988822426e-01,0.000000000000000000e+00,4.085137918669346502e-01,0.000000000000000000e+00,4.327942492568835897e-01,7.306237392080951187e-02,1.216883686873291015e-01,0.000000000000000000e+00,4.202860053766697690e-01,9.048572799345383499e-02,2.799093591374046119e-01,0.000000000000000000e+00,4.716709776733109538e-01,3.599105682253428418e-01,5.765848048301933648e-01,3.914676490901715655e-01,4.355323288559448947e-01,2.005315860405814388e-01,2.353314033209251699e-01,2.537996063940058944e-01,4.420425778166459652e-01,0.000000000000000000e+00,0.000000000000000000e+00,0.000000000000000000e+00,1.555790360451860255e-01,0.000000000000000000e+00,0.000000000000000000e+00,1.477098208922513756e-01,2.150043072380025677e-01,0.000000000000000000e+00,1.644801118467335566e-01,0.000000000000000000e+00,8.413310872363251314e-02
7.255513033793311584e-01,5.865554960056784672e-01,6.799644852455449806e-01,4.671860437041715497e-01,6.314870618998866814e-01,0.000000000000000000e+00,7.386027340304670563e-01,0.000000000000000000e+00,0.000000000000000000e+00,5.677773151474704294e-01,5.966800595618483305e-01,7.762405647575680856e-01,6.966173763532622631e-01,6.131832467386474361e-01,8.394711642836099053e-01,2.423832161819098885e-01,4.257396374189120203e-01,5.899970557958953421e-01,5.549577215919334616e-01,4.876265924022151199e-01,2.840080990710877606e-01,0.000000000000000000e+00,6.226650452336448538e-01,7.893371990078222877e-01,0.000000000000000000e+00,5.615957313560235864e-01,1.991708038952093029e-01,0.000000000000000000e+00,6.540331032746459217e-01,5.829625419713105883e-01,6.915536943126534553e-01,5.744984754334601096e-01,6.125682853948338780e-01,6.443998105931787457e-01,7.001504154090496534e-01,6.979375496016033686e-01,7.035595683138352596e-01,3.526443104537140272e-01,5.116303563339378302e-01,0.000000000000000000e+00,4.504212842650335835e-01,2.079348815455876465e-01,3.470308900740020075e-01,0.000000000000000000e+00,4.128379393799382902e-01,0.000000000000000000e+00,0.000000000000000000e+00,0.000000000000000000e+00,5.211368469102066747e-01,0.000000000000000000e+00,6.647093362577937148e-01,0.000000000000000000e+00,0.000000000000000000e+00,0.000000000000000000e+00,1.029930480965650930e-01,0.000000000000000000e+00,7.122126324671258502e-01,4.472402530083737227e-01,6.762196986576640700e-01,0.000000000000000000e+00,7.253466776963977125e-01,0.000000000000000000e+00,6.831768532879118894e-01,6.819311633654913107e-01,6.715448981195233369e-01,0.000000000000000000e+00,6.354375174053302766e-01,5.997525195140579468e-02,5.129467526361939367e-01,0.000000000000000000e+00,5.331828279884118782e-01,0.000000000000000000e+00,5.723428050215130236e-01,4.582517117021097097e-01,3.894865917559053869e-01,9.231138452405789063e-02,5.391167296367561645e-01,3.142202702681584081e-01,1.093382224349562643e-01,1.524243269392366873e-01,6.277937369643292742e-01,6.023173693560056607e-01,3.567227615897687332e-01,4.907107458210986373e-01,6.694307028346235811e-01,3.629655628205342155e-01,5.170510894531230583e-01,3.252976802990695249e-01,7.659287374633967360e-01,0.000000000000000000e+00
3.009768110523866613e-01,5.063476002985178859e-01,5.248782578395595477e-01,5.307111994804064592e-01,1.897187157945826319e-01,3.281880089668872680e-01,4.075212670389519731e-01,3.726816378890496217e-01,5.677773151474704294e-01,0.000000000000000000e+00,3.588734851440692486e-01,5.030370804498953685e-01,4.062601210643121963e-01,6.491691144542309777e-01,5.505654814263776231e-01,7.056176142141519225e-01,1.798998288724303618e-01,5.121752018497525150e-01,3.455725721209945145e-01,4.925561683140725067e-01,7.645728901613052519e-02,6.907797480254364297e-02,6.098459181338551360e-01,4.896313385115715344e-01,1.352965807388560593e-01,3.610894960783778695e-01,0.000000000000000000e+00,0.000000000000000000e+00,4.537381817632193393e-01,7.242424933050427560e-01,4.826961162885822221e-01,5.023745811487080326e-01,3.446307661065352579e-01,5.329255179059767533e-01,4.443257501024975853e-01,5.018857161856631333e-01,4.859347703784101524e-01,4.408573026790749139e-01,2.236861579352312501e-01,0.000000000000000000e+00,1.231077419479141982e-01,3.821601982515080431e-01,2.778209474041514193e-01,0.000000000000000000e+00,6.605848989714117880e-02,0.000000000000000000e+00,1.370267601901865306e-01,0.000000000000000000e+00,4.887075988931646742e-01,0.000000000000000000e+00,5.051942913323504980e-01,0.000000000000000000e+00,0.000000000000000000e+00,0.000000000000000000e+00,6.015387944541708554e-02,0.000000000000000000e+00,3.136299257956338682e-01,4.064247575156931247e-01,3.329580254719138876e-01,0.000000000000000000e+00,2.811936361394731798e-01,1.766275147296489101e-01,3.103259271656597651e-01,4.057233531493765200e-01,2.994086284386535124e-01,2.197019799097254256e-01,3.756179230573979400e-01,2.241190494094509600e-01,2.011217802853474124e-01,1.028580580246250264e-01,3.577880674459961718e-01,4.497772836397333496e-01,5.376098216656147732e-01,7.100436377571285318e-01,3.823684618113420419e-01,4.113285220318105839e-01,4.551346826146044355e-01,6.646764401851574799e-01,1.056495863405642471e-01,2.286531269188042670e-01,2.764889454135348035e-01,6.812466299488040278e-01,0.000000000000000000e+00,4.530535087005310158e-01,4.041061106049186336e-01,5.681929271358191480e-01,6.309441111591483631e-02,1.088405853735218698e-01,2.876823492236222912e-01,0.000000000000000000e+00
6.816344781789737128e-01,5.243086297016789077e-01,6.756287510373165661e-01,5.272770596200621052e-01,5.089951952713237526e-01,7.337373069973035511e-02,7.145753844770678098e-01,3.135827810018186890e-01,5.966800595618483305e-01,3.588734851440692486e-01,0.000000000000000000e+00,7.580093445915985217e-01,7.688225972380028361e-01,7.270535581465545905e-01,6.404300197175971654e-01,0.000000000000000000e+00,4.072489570049914742e-01,6.411664470081898104e-01,5.766588161770430654e-01,5.292133921933254159e-01,9.484056918667151115e-02,0.000000000000000000e+00,5.096917087967751669e-01,6.547120933859096326e-01,0.000000000000000000e+00,3.167739087151540955e-01,3.035252430556780179e-01,1.798769558864415086e-01,7.376513951890734111e-01,4.337607660925053010e-01,4.388313795547876817e-01,4.104105663426537154e-01,4.770584141079088902e-01,5.561563223492541619e-01,6.240412479913628463e-01,5.507168388047541940e-01,5.261453429814845206e-01,1.226271377682844888e-01,2.460093929955174674e-01,0.000000000000000000e+00,3.854936141486040024e-01,0.000000000000000000e+00,3.968945347528209933e-01,0.000000000000000000e+00,3.709024545101312076e-01,0.000000000000000000e+00,0.000000000000000000e+00,0.000000000000000000e+00,5.096653260504229177e-01,0.000000000000000000e+00,5.757052948319918428e-01,0.000000000000000000e+00,0.000000000000000000e+00,0.000000000000000000e+00,0.000000000000000000e+00,0.000000000000000000e+00,6.202405022132492229e-01,4.104684993066319287e-01,5.202033793480552726e-01,0.000000000000000000e+00,5.566457458450497775e-01,0.000000000000000000e+00,6.328879007291274839e-01,5.716312198501354302e-01,5.608084356005049731e-01,0.000000000000000000e+00,4.876051716809112202e-01,0.000000000000000000e+00,4.571605437811849804e-01,0.000000000000000000e+00,6.136702008287473475e-01,1.272251444203276460e-01,6.686231766700337920e-01,4.505169826049392756e-01,3.435411769678189398e-01,0.000000000000000000e+00,4.749207539347257701e-01,2.489581884059571537e-01,0.000000000000000000e+00,0.000000000000000000e+00,4.755525905769769635e-01,4.679283552485317688e-01,3.415536063998462768e-01,2.815058673770299280e-01,5.393562331365324702e-01,9.350757633880193986e-02,5.328263682699008186e-01,4.141328074148568628e-01,5.638502622146873700e-01,0.000000000000000000e+00
8.404579501884776871e-01,6.585966638078614155e-01,8.061542949089693932e-01,6.198610119798534379e-01,6.873900206006100522e-01,9.698029917206278661e-02,8.399212647272884524e-01,1.811758136879110803e-01,7.762405647575680856e-01,5.030370804498953685e-01,7.580093445915985217e-01,0.000000000000000000e+00,8.571504817213871918e-01,8.289349439565567579e-01,8.183723101379888343e-01,1.011777549141742033e-01,5.591636109539909194e-01,7.351291213084405474e-01,6.915752076998542552e-01,6.045440500455196986e-01,1.164860318353889146e-01,0.000000000000000000e+00,6.563900233679273999e-01,8.801281871825630265e-01,0.000000000000000000e+00,4.609447508132862303e-01,2.113909185308927574e-01,1.168516751907836826e-01,7.964097382541583947e-01,6.095486631300719438e-01,6.265639122237682823e-01,5.873738262019004841e-01,7.001382982827887291e-01,7.415831056380259856e-01,7.985203588503704264e-01,7.534755651214932737e-01,6.677743706558482151e-01,1.651387213787457453e-01,4.536639926354519292e-01,0.000000000000000000e+00,4.275175924402074279e-01,8.611537267119824535e-02,4.160994055102095746e-01,0.000000000000000000e+00,4.826892804208844368e-01,0.000000000000000000e+00,0.000000000000000000e+00,0.000000000000000000e+00,6.369774261630061218e-01,0.000000000000000000e+00,7.866037331335223870e-01,0.000000000000000000e+00,0.000000000000000000e+00,0.000000000000000000e+00,0.000000000000000000e+00,0.000000000000000000e+00,8.226994629671451342e-01,4.661151329757187711e-01,7.600789522340826165e-01,0.000000000000000000e+00,7.794162920348524093e-01,0.000000000000000000e+00,7.994900008224360421e-01,7.452154521281669775e-01,7.008975016168581540e-01,0.000000000000000000e+00,6.508630489238970140e-01,0.000000000000000000e+00,5.401038606820262045e-01,0.000000000000000000e+00,6.511205600624963008e-01,0.000000000000000000e+00,7.030597706031469496e-01,5.132426033205945703e-01,3.575352364210284128e-01,0.000000000000000000e+00,5.516074959708676673e-01,3.275474683797025000e-01,1.523712176672879504e-01,1.281185101341430210e-01,7.053525316304568582e-01,6.381189531299337192e-01,4.500853254294613914e-01,4.568889744656488561e-01,7.224143625601312513e-01,2.816401511263100788e-01,6.405513335943863185e-01,5.030575083281657589e-01,7.950353505065599347e-01,0.000000000000000000e+00
7.914597090989201611e-01,5.500789463435806770e-01,7.153004298087085600e-01,4.961434473838425840e-01,6.120547101648990962e-01,0.000000000000000000e+00,8.015975933874338599e-01,1.615478277149554331e-01,6.966173763532622631e-01,4.062601210643121963e-01,7.688225972380028361e-01,8.571504817213871918e-01,0.000000000000000000e+00,7.593456489990322300e-01,7.933688257098364671e-01,0.000000000000000000e+00,5.831984051666606605e-01,6.908022732688268164e-01,6.068155775883684599e-01,5.005691998099470741e-01,1.575403197421607893e-01,0.000000000000000000e+00,5.511763266575068210e-01,7.527148753575486628e-01,0.000000000000000000e+00,3.190705903144977484e-01,1.813099675608642047e-01,9.994912858367444031e-02,7.637912601618597197e-01,5.179914197519325247e-01,5.562844728446152409e-01,5.500394322523718404e-01,6.557846381143805914e-01,6.612333729223985879e-01,7.536359924840893010e-01,6.631342372499637872e-01,6.398774723646861728e-01,8.899813307234728799e-02,3.513536794178505063e-01,0.000000000000000000e+00,3.509057682998184546e-01,0.000000000000000000e+00,3.466542609707728428e-01,0.000000000000000000e+00,4.904918958612645152e-01,0.000000000000000000e+00,0.000000000000000000e+00,0.000000000000000000e+00,4.900470523292810854e-01,0.000000000000000000e+00,6.266336919174203546e-01,0.000000000000000000e+00,0.000000000000000000e+00,0.000000000000000000e+00,0.000000000000000000e+00,0.000000000000000000e+00,7.358877697122393480e-01,4.086580111444934049e-01,6.421019977158259895e-01,0.000000000000000000e+00,7.086549344840242792e-01,0.000000000000000000e+00,7.153210406635407415e-01,6.639244869613747380e-01,6.625479128627418390e-01,0.000000000000000000e+00,5.591582957337710713e-01,0.000000000000000000e+00,5.123965932622562836e-01,0.000000000000000000e+00,6.590442206267058678e-01,0.000000000000000000e+00,7.009536684247498206e-01,4.794325205687197666e-01,3.883830451557142016e-01,0.000000000000000000e+00,5.111492078241044457e-01,2.657959683180697308e-01,2.084562313239294029e-01,1.672084704115472664e-01,7.205678778049828814e-01,5.324753492271321331e-01,4.780025033769442211e-01,3.501360573766374440e-01,6.432442834308926827e-01,1.184047472761202424e-01,6.203076508930333022e-01,5.056191146160253780e-01,7.406813342913178833e-01,0.000000000000000000e+00
6.327315774531868664e-01,6.742948038639194897e-01,7.810576514575852114e-01,7.043068647864296761e-01,4.028168416780012473e-01,2.315398295677015827e-01,7.109480999861048645e-01,5.199770168196686804e-01,6.131832467386474361e-01,6.491691144542309777e-01,7.270535581465545905e-01,8.289349439565567579e-01,7.593456489990322300e-01,0.000000000000000000e+00,6.743724359046137096e-01,2.972590132774257654e-01,4.906571780899098845e-01,7.966098721664011117e-01,6.056451315433206695e-01,6.259255553608600309e-01,7.627200030205816272e-02,0.000000000000000000e+00,7.137720601998915892e-01,7.298998111024838087e-01,0.000000000000000000e+00,3.646604873845213923e-01,2.114207437895449238e-01,0.000000000000000000e+00,6.949083240017326357e-01,6.220368481845702791e-01,5.187303267857996669e-01,5.923508217678292720e-01,5.771463150896236627e-01,7.304944584722999901e-01,7.115214207136529856e-01,6.731615774602655033e-01,5.820326088740648274e-01,2.180059035588738647e-01,2.173113196217642540e-01,0.000000000000000000e+00,2.792542531837363118e-01,1.784091181286366901e-01,4.218169712379057912e-01,0.000000000000000000e+00,3.666795403386373664e-01,0.000000000000000000e+00,0.000000000000000000e+00,0.000000000000000000e+00,6.425561916870045076e-01,0.000000000000000000e+00,6.753669424380810415e-01,0.000000000000000000e+00,0.000000000000000000e+00,0.000000000000000000e+00,0.000000000000000000e+00,0.000000000000000000e+00,6.013867766815584881e-01,4.991276013463716854e-01,5.365821313749327137e-01,0.000000000000000000e+00,5.216653413622045488e-01,0.000000000000000000e+00,6.244194653655728011e-01,6.516986636549225720e-01,5.652487786906502665e-01,7.549102206960102424e-02,5.500207215675761985e-01,1.502931668696569079e-01,3.790512855766154932e-01,0.000000000000000000e+00,6.383068595896672637e-01,3.464478552872818917e-01,7.454147285164717252e-01,7.068797775450401666e-01,4.112375507263185126e-01,1.994748762219005767e-01,5.789344005537652160e-01,5.607313722428777236e-01,9.740022697889573478e-02,1.997825968048828060e-01,5.539796549430702211e-01,6.816672314717511227e-01,2.697280695002272632e-01,3.799491695441831740e-01,6.136454167257217041e-01,3.765623420432043233e-01,4.319514375215068314e-01,4.654873580556488921e-01,5.676524534642419795e-01,0.000000000000000000e+00
8.139399619634449801e-01,6.969716313692815302e-01,7.672500144580330916e-01,5.253132491424320483e-01,6.820191665135366677e-01,0.000000000000000000e+00,8.018313338215645736e-01,0.000000000000000000e+00,8.394711642836099053e-01,5.505654814263776231e-01,6.404300197175971654e-01,8.183723101379888343e-01,7.933688257098364671e-01,6.743724359046137096e-01,0.000000000000000000e+00,2.709690128080075033e-01,4.581382902106598820e-01,6.621661462381995822e-01,6.568178607912070754e-01,6.085576792945480706e-01,3.489281615207682763e-01,0.000000000000000000e+00,6.787359499375977823e-01,8.241904272100037954e-01,0.000000000000000000e+00,5.880237566199058019e-01,2.146931114805397667e-01,7.997862758251461646e-02,7.313997926460342747e-01,6.235514988302792716e-01,7.653862461139649964e-01,6.416537836661793115e-01,6.858809807218154697e-01,7.249769714244013175e-01,7.501505982880077861e-01,7.309875956616744830e-01,7.846072891568172114e-01,3.874667230818178987e-01,5.577550470610558309e-01,0.000000000000000000e+00,4.594590832608961284e-01,2.264959793763164642e-01,3.500959070932086470e-01,0.000000000000000000e+00,5.002830588661124622e-01,0.000000000000000000e+00,0.000000000000000000e+00,0.000000000000000000e+00,5.293481229090181150e-01,0.000000000000000000e+00,6.706220154178880177e-01,0.000000000000000000e+00,0.000000000000000000e+00,0.000000000000000000e+00,1.579408899292306656e-01,0.000000000000000000e+00,7.845111517255031197e-01,5.872402453009104573e-01,7.322128360853084050e-01,0.000000000000000000e+00,7.864885093514799586e-01,0.000000000000000000e+00,7.353917259797574379e-01,7.572304239249526558e-01,7.431807363952555034e-01,0.000000000000000000e+00,7.126320870169273736e-01,1.311439372456960351e-01,5.987871275763139156e-01,0.000000000000000000e+00,5.800681322980922872e-01,0.000000000000000000e+00,6.390365616969362339e-01,5.262255682363654596e-01,4.277710873423635207e-01,1.030860486003259968e-01,5.629699362112089434e-01,3.514052469211407792e-01,1.230333308186773167e-01,1.530325366988906366e-01,7.175561351721198022e-01,6.480119903394032654e-01,4.448190574622846172e-01,4.963736731187525786e-01,7.395060895150833424e-01,3.600694327638686576e-01,5.831728145149510656e-01,3.685340725685803953e-01,8.325322335421269093e-01,0.000000000000000000e+00
0.000000000000000000e+00,2.585546831514473620e-01,1.817348783916881427e-01,2.340648277813527633e-01,0.000000000000000000e+00,3.531047693814133304e-01,6.334143855176371796e-02,2.487867150018959195e-01,2.423832161819098885e-01,7.056176142141519225e-01,0.000000000000000000e+00,1.011777549141742033e-01,0.000000000000000000e+00,2.972590132774257654e-01,2.709690128080075033e-01,0.000000000000000000e+00,0.000000000000000000e+00,1.416991435758819251e-01,0.000000000000000000e+00,2.334828751913139988e-01,1.369797142345660912e-01,3.394053989293998042e-01,3.328330812422515828e-01,1.220172996451467234e-01,3.395733372638924386e-01,3.190703471961660598e-01,0.000000000000000000e+00,0.000000000000000000e+00,1.315991906688928903e-01,6.079458555913989093e-01,3.653832885532846686e-01,3.939888202242752824e-01,1.229257880950764270e-01,2.965189619272154964e-01,8.665508023510387625e-02,2.139556861028878987e-01,2.282153560976769857e-01,5.276319570982347384e-01,1.171778169233212430e-01,3.150295554262205200e-01,0.000000000000000000e+00,4.827573003469811663e-01,1.049132868957161485e-01,2.248671798858857263e-01,0.000000000000000000e+00,1.016682324456134601e-01,2.593515188298304852e-01,2.646099878776974057e-01,1.805221808160558938e-01,2.057082828391205154e-01,1.280820719998951862e-01,0.000000000000000000e+00,2.374278615812406290e-01,0.000000000000000000e+00,2.039155672507718675e-01,2.102131517646090575e-01,0.000000000000000000e+00,2.479663803598692595e-01,0.000000000000000000e+00,2.377113535358194030e-01,0.000000000000000000e+00,4.109940010222616902e-01,0.000000000000000000e+00,1.337325646674074608e-01,0.000000000000000000e+00,4.909210704311637308e-01,1.800892971672767018e-01,4.000961808289664745e-01,0.000000000000000000e+00,2.351185582387744222e-01,9.664484719528178280e-02,4.717338673248329672e-01,2.002418404652697437e-01,5.528760661063805149e-01,2.747704167043648060e-01,4.713535595455938254e-01,2.471454430530059532e-01,5.818596612979280991e-01,0.000000000000000000e+00,1.275016625656975322e-01,0.000000000000000000e+00,5.000821949662631605e-01,0.000000000000000000e+00,3.273192416647145442e-01,1.502726992269248496e-01,6.224665309363537347e-01,0.000000000000000000e+00,0.000000000000000000e+00,0.000000000000000000e+00,8.888713179814769494e-02
5.773443069188328725e-01,3.635628819308479032e-01,4.825208965049596066e-01,3.766465707041841693e-01,4.279936255040820980e-01,0.000000000000000000e+00,4.963644797896181737e-01,1.589755756494519168e-01,4.257396374189120203e-01,1.798998288724303618e-01,4.072489570049914742e-01,5.591636109539909194e-01,5.831984051666606605e-01,4.906571780899098845e-01,4.581382902106598820e-01,0.000000000000000000e+00,0.000000000000000000e+00,6.054016725930778664e-01,5.253527108334660189e-01,3.913793309621024230e-01,0.000000000000000000e+00,0.000000000000000000e+00,4.654244537523312131e-01,5.704815471186887033e-01,0.000000000000000000e+00,0.000000000000000000e+00,1.438319145995655968e-01,0.000000000000000000e+00,4.778612634063793552e-01,3.391445647765428673e-01,2.666330020782341492e-01,4.021846205894564763e-01,6.126454694804829293e-01,5.273156132987391054e-01,5.791677640144593520e-01,4.626115785787865975e-01,4.651651930755110187e-01,0.000000000000000000e+00,3.153026549448674776e-01,0.000000000000000000e+00,1.922299871120025649e-01,0.000000000000000000e+00,2.893913400095174948e-01,0.000000000000000000e+00,5.433667257921928062e-01,0.000000000000000000e+00,1.279109172031714647e-01,0.000000000000000000e+00,4.038166896378229676e-01,0.000000000000000000e+00,5.161778378227500630e-01,0.000000000000000000e+00,0.000000000000000000e+00,0.000000000000000000e+00,0.000000000000000000e+00,0.000000000000000000e+00,6.380583266104771223e-01,1.915490577666142114e-01,4.963628309124279436e-01,0.000000000000000000e+00,4.911004381367367611e-01,0.000000000000000000e+00,6.696421046723848303e-01,4.056260540929078617e-01,4.346722981459929525e-01,0.000000000000000000e+00,3.181004922171700722e-01,0.000000000000000000e+00,3.393131283210966131e-01,0.000000000000000000e+00,4.171437745894456262e-01,0.000000000000000000e+00,4.346135559809398141e-01,2.371762469266626983e-01,1.438971353281096321e-01,0.000000000000000000e+00,2.871004306519785998e-01,1.615397806621362287e-01,4.333836786639967964e-01,5.364025528596798598e-01,7.607621451163220083e-01,2.575610231636479286e-01,5.774094496750156180e-01,2.142547116049093314e-01,4.973635927556798175e-01,1.226974864025523332e-01,3.706094196894609838e-01,3.545678237568304358e-01,5.385895976586526634e-01,0.000000000000000000e+00
