0.000000000000000000e+00,8.406208932238424802e-01,0.000000000000000000e+00,3.534050763812150442e-01,0.000000000000000000e+00,6.546983650245905562e-01,0.000000000000000000e+00,0.000000000000000000e+00,0.000000000000000000e+00,0.000000000000000000e+00,4.020146642114911795e-01,4.317173260352413222e-01,0.000000000000000000e+00,5.230475509594403327e-01,0.000000000000000000e+00,4.251347525753366718e-01,6.214810858345799494e-01,7.428951411416685469e-01,6.603054879776532049e-01,6.448311185249973043e-01,0.000000000000000000e+00,0.000000000000000000e+00,0.000000000000000000e+00,0.000000000000000000e+00,3.875229646931954708e-01,1.646215160127680321e-01,2.892772286670894921e-01,0.000000000000000000e+00,5.368997669947173090e-01,3.253898517148907099e-01,0.000000000000000000e+00,0.000000000000000000e+00,4.273419431730292595e-01,5.832910932834379780e-01,7.314145335050455943e-01,4.932100619609832703e-01,1.014493449550506327e-01,0.000000000000000000e+00,2.004028109774698696e-01,3.375080181753272179e-01,8.488629890362368868e-02,0.000000000000000000e+00,6.653369169694342000e-01,0.000000000000000000e+00,6.808922172523128591e-01,0.000000000000000000e+00,6.947180682955579334e-01,4.344858364025656616e-01,6.582843718378715847e-01,9.961739070309687250e-02,6.272729471980164062e-01,0.000000000000000000e+00,7.454321593238294463e-01,7.554275539705602727e-01,4.052110979317888884e-01,7.055590621354669301e-01,9.080911920697836148e-01,8.355160411719021463e-01,8.321186886202027733e-01,0.000000000000000000e+00,8.195588767315591383e-01,8.405872185935826524e-01,3.903522695121603436e-01,8.454736304059528029e-01,8.330849431053088949e-01,7.362668100525280312e-01,8.682738193091009693e-01,7.510044355775319369e-01,8.303548277022322344e-01,8.639724205594379036e-01,7.822347060314753520e-02,0.000000000000000000e+00,2.000540836984481263e-01,2.044646264400827584e-01,1.846356275890710663e-01,0.000000000000000000e+00,5.616862251195577915e-01,1.713841604152322173e-01,3.202519100465127111e-01,1.483821451333744157e-01,7.851317578136003394e-01,7.347907343423917270e-01,2.399731086220953380e-01,2.780318853648857114e-01,8.054521633250643076e-01,1.463949778821669601e-01,3.952043395563507588e-01,1.711610985803954377e-01,0.000000000000000000e+00,7.783890060481835071e-01
8.406208932238424802e-01,0.000000000000000000e+00,6.804566930227753940e-02,5.624886334817964517e-01,0.000000000000000000e+00,6.030896634980031923e-01,0.000000000000000000e+00,7.649418879735980781e-02,0.000000000000000000e+00,0.000000000000000000e+00,3.468422635705020740e-01,4.274262812858059535e-01,0.000000000000000000e+00,4.315499595279293499e-01,0.000000000000000000e+00,3.200040232837066401e-01,5.438554424308351676e-01,6.543441245503712755e-01,7.519424402302103960e-01,6.973712267965324063e-01,0.000000000000000000e+00,0.000000000000000000e+00,0.000000000000000000e+00,1.151301975785340576e-01,2.730831943946836482e-01,1.300811055215962408e-01,3.352069503819501972e-01,7.778610088402214406e-02,4.519285293394140202e-01,3.124999127141362409e-01,0.000000000000000000e+00,0.000000000000000000e+00,4.058802701169594296e-01,5.798332107301656935e-01,6.825379735570149542e-01,5.191374346024431041e-01,0.000000000000000000e+00,0.000000000000000000e+00,1.426883368961758269e-01,2.865373468171760196e-01,0.000000000000000000e+00,0.000000000000000000e+00,6.364465491829098820e-01,0.000000000000000000e+00,6.485222939279864374e-01,0.000000000000000000e+00,6.256774356645840030e-01,3.412000633765194246e-01,6.093385095657710693e-01,8.896038120857800713e-02,5.934767558957311229e-01,0.000000000000000000e+00,6.449315250492133611e-01,6.639933040375447515e-01,2.851004193868633130e-01,5.787218014929247367e-01,8.365303459043748058e-01,8.520166149069761108e-01,7.286542633322562468e-01,1.466253962255434917e-01,7.074165147943785037e-01,7.688351443961910503e-01,3.064881381046368203e-01,7.429959328387401030e-01,7.279681378377456102e-01,6.078683309938365253e-01,7.919723652330098451e-01,6.907993870090696209e-01,8.564829155171489461e-01,8.242663245029605568e-01,7.505078729096510692e-02,0.000000000000000000e+00,2.396024403918002865e-01,2.413325325020541090e-01,1.950803176771969683e-01,6.965087403100223007e-02,5.232261061767575772e-01,1.908394981039389371e-01,2.783446915104683672e-01,1.632591273031023804e-01,7.293603545048744641e-01,6.709492857456844650e-01,2.687859328977604267e-01,3.338077713034233174e-01,7.504420660309765179e-01,1.415504045298930924e-01,4.210999620159122658e-01,2.023761826712168754e-01,0.000000000000000000e+00,6.586486262722973661e-01
0.000000000000000000e+00,6.804566930227753940e-02,0.000000000000000000e+00,6.717143227236180847e-01,4.430943023443668638e-01,8.035487390100251592e-02,2.707118261820919414e-01,7.415449072394277863e-01,6.241519133968006505e-01,4.900079877185695154e-01,3.276884750956821635e-01,9.283148118095393975e-02,6.142512775202205733e-01,0.000000000000000000e+00,4.620772962166365128e-01,2.503324039523796007e-01,0.000000000000000000e+00,0.000000000000000000e+00,4.206007121467917886e-01,4.749022137972970237e-01,3.439682554059207420e-01,2.358701501193377070e-01,6.245700586860203352e-01,6.233295578755597699e-01,2.080842189287390731e-01,5.530923372722909015e-01,0.000000000000000000e+00,2.768227757413817547e-01,0.000000000000000000e+00,2.290667542017049974e-01,6.237442021339130171e-01,6.678280415078637899e-01,3.942420852166825251e-01,3.580305869915638151e-01,0.000000000000000000e+00,0.000000000000000000e+00,3.869995658105742087e-01,4.508944058348573480e-01,1.813271191469251475e-01,0.000000000000000000e+00,4.221981945073336462e-01,2.987973082669058145e-01,0.000000000000000000e+00,2.344896578005071230e-01,1.917830603599120498e-01,8.534582097548110147e-02,0.000000000000000000e+00,0.000000000000000000e+00,1.589044227274216126e-01,1.396222138955557912e-01,6.704635838342906662e-02,1.520280982066734288e-01,0.000000000000000000e+00,0.000000000000000000e+00,0.000000000000000000e+00,0.000000000000000000e+00,0.000000000000000000e+00,0.000000000000000000e+00,0.000000000000000000e+00,3.236313389986567035e-01,8.113187405663938034e-02,0.000000000000000000e+00,0.000000000000000000e+00,0.000000000000000000e+00,0.000000000000000000e+00,0.000000000000000000e+00,0.000000000000000000e+00,0.000000000000000000e+00,0.000000000000000000e+00,0.000000000000000000e+00,5.582684864980544948e-01,6.523586357641275590e-01,4.786212733797352015e-01,4.347928744369646270e-01,4.460635502663479746e-01,5.147420738798003104e-01,2.557609951640040236e-01,3.758133833024754900e-01,0.000000000000000000e+00,0.000000000000000000e+00,0.000000000000000000e+00,0.000000000000000000e+00,0.000000000000000000e+00,3.526613524919510190e-01,0.000000000000000000e+00,0.000000000000000000e+00,0.000000000000000000e+00,1.491963672205465774e-01,3.627054106852555804e-01,0.000000000000000000e+00
3.534050763812150442e-01,5.624886334817964517e-01,6.717143227236180847e-01,0.000000000000000000e+00,1.875399757487314079e-01,4.067123306402137817e-01,0.000000000000000000e+00,6.529647971119753036e-01,3.685316746164962187e-01,1.434965756059649600e-01,3.625241569406405517e-01,2.725886378861374082e-01,2.642718529119885140e-01,2.577224427682589525e-01,2.140057631945836147e-01,3.317549340795579171e-01,1.559328746733709414e-01,1.315483548347555487e-01,7.072111175337382205e-01,7.373736232448360184e-01,0.000000000000000000e+00,1.534363858972568051e-01,3.624151163032371392e-01,6.001735047110798860e-01,2.740597018305792609e-01,4.646445261046423525e-01,2.177589039455271325e-01,2.747901795078109832e-01,2.582743959379529830e-01,3.250886179876016913e-01,3.701740685473734471e-01,3.950887811488164036e-01,4.729152317283825679e-01,5.868213291015275113e-01,3.434360786594545245e-01,3.245212334230593854e-01,2.907853896566361396e-01,1.107294658770189150e-01,2.373825012008142221e-01,1.551908830357498492e-01,2.974646571659081973e-01,1.930067824357034056e-01,3.393583667326085518e-01,0.000000000000000000e+00,4.932452928779426649e-01,0.000000000000000000e+00,2.492614704216101484e-01,1.351813187658381377e-01,4.098604169066173419e-01,9.061852221108558647e-02,3.623559193001190115e-01,0.000000000000000000e+00,0.000000000000000000e+00,1.028668825138241566e-01,0.000000000000000000e+00,0.000000000000000000e+00,2.954975630351598936e-01,2.228147282961949194e-01,1.993716265548273192e-01,2.616764012524189220e-01,4.469010623588229869e-01,2.498976481670429906e-01,0.000000000000000000e+00,2.436567365107895344e-01,3.442966563610093678e-01,1.435793132130842309e-01,3.779641771864535316e-01,3.534778687686229159e-01,4.483191809422468754e-01,3.699080201680643443e-01,3.757109364670622731e-01,4.116993860570374864e-01,4.273381537482587866e-01,3.870321972530077481e-01,3.977862383413398595e-01,3.628715920797642713e-01,4.223030463353564801e-01,3.138961005895851142e-01,1.760757416664788799e-01,1.098965726239942431e-01,3.553583641910332824e-01,2.913851780919897716e-01,1.163381482644265802e-01,4.073863329638984232e-01,3.595529125028870121e-01,0.000000000000000000e+00,0.000000000000000000e+00,1.958261110466703314e-01,2.521414702416571174e-01,2.608002767015437096e-01
0.000000000000000000e+00,0.000000000000000000e+00,4.430943023443668638e-01,1.875399757487314079e-01,0.000000000000000000e+00,0.000000000000000000e+00,2.663693290674134517e-01,5.072628544745330093e-01,5.557371107028016288e-01,4.357698596760467558e-01,0.000000000000000000e+00,0.000000000000000000e+00,5.074845882117023921e-01,0.000000000000000000e+00,6.828538402570435428e-01,0.000000000000000000e+00,0.000000000000000000e+00,0.000000000000000000e+00,0.000000000000000000e+00,0.000000000000000000e+00,4.766037098321199150e-01,1.726082517780176406e-01,5.995310850731225827e-01,4.580123077847034208e-01,0.000000000000000000e+00,3.036542056104298282e-01,1.053841451915096122e-01,3.181297868379340255e-01,0.000000000000000000e+00,0.000000000000000000e+00,5.451687779631146924e-01,5.500548281601373990e-01,7.265893353074139027e-02,0.000000000000000000e+00,0.000000000000000000e+00,0.000000000000000000e+00,1.939805137377589861e-01,2.948125108237765746e-01,8.171951161483378967e-02,0.000000000000000000e+00,2.938496508350481040e-01,2.431207067687109757e-01,0.000000000000000000e+00,3.571239305641977779e-01,0.000000000000000000e+00,1.797073923014767260e-01,0.000000000000000000e+00,0.000000000000000000e+00,0.000000000000000000e+00,1.748718923927413127e-01,0.000000000000000000e+00,3.197284792110061669e-01,0.000000000000000000e+00,0.000000000000000000e+00,0.000000000000000000e+00,0.000000000000000000e+00,0.000000000000000000e+00,0.000000000000000000e+00,0.000000000000000000e+00,3.205766409294890651e-01,0.000000000000000000e+00,0.000000000000000000e+00,0.000000000000000000e+00,0.000000000000000000e+00,0.000000000000000000e+00,0.000000000000000000e+00,0.000000000000000000e+00,0.000000000000000000e+00,0.000000000000000000e+00,0.000000000000000000e+00,4.242944926828912666e-01,5.660191257209726823e-01,3.078752722253906282e-01,1.890542889032167662e-01,3.120681292199090628e-01,2.894403155990697973e-01,0.000000000000000000e+00,2.792685730991794624e-01,0.000000000000000000e+00,0.000000000000000000e+00,0.000000000000000000e+00,0.000000000000000000e+00,0.000000000000000000e+00,2.168054471046176879e-01,0.000000000000000000e+00,0.000000000000000000e+00,0.000000000000000000e+00,1.943238465851482022e-01,3.373157051917992089e-01,0.000000000000000000e+00
6.546983650245905562e-01,6.030896634980031923e-01,8.035487390100251592e-02,4.067123306402137817e-01,0.000000000000000000e+00,0.000000000000000000e+00,0.000000000000000000e+00,9.056558060907919649e-02,1.497112176208360290e-01,0.000000000000000000e+00,4.858266753264689486e-01,3.471068545371799874e-01,0.000000000000000000e+00,5.374114056579056831e-01,0.000000000000000000e+00,5.261048549822834319e-01,4.602205317859541234e-01,5.386587373333865392e-01,4.653995716175542419e-01,5.760356490737449375e-01,0.000000000000000000e+00,1.933841156372390346e-01,0.000000000000000000e+00,1.043502389461792718e-01,4.478605537285134108e-01,4.112738064848781572e-01,3.759932934675164207e-01,2.167385345920830875e-01,5.600925717014541005e-01,3.767532935623761348e-01,1.374591390557826087e-01,7.592245320048211787e-02,4.211403681379359831e-01,5.787378117241597231e-01,6.471816513125056014e-01,5.022181484657879391e-01,1.232173145917624668e-01,0.000000000000000000e+00,2.300355340749086763e-01,2.551209688871589609e-01,2.699241128409192170e-01,8.984181431218661584e-02,4.697632485793894475e-01,0.000000000000000000e+00,7.349557487183631110e-01,0.000000000000000000e+00,5.295048103739182777e-01,2.282454957632684411e-01,5.030239554265131252e-01,0.000000000000000000e+00,4.935721951623628923e-01,0.000000000000000000e+00,5.081623995375474934e-01,5.182150746006500830e-01,1.745541469887327279e-01,4.407946206207044582e-01,6.836005761030528038e-01,5.220189498208015477e-01,5.798201227117630863e-01,0.000000000000000000e+00,7.631990718032222176e-01,6.002082069809698828e-01,1.173938726837461810e-01,6.094290567476087217e-01,7.218966967476413421e-01,4.915107280752323282e-01,6.621092463882227719e-01,5.256757594043159898e-01,6.077762179269140530e-01,5.672208436633372486e-01,2.996993805313103443e-01,2.051884473961042565e-01,4.169995430409452752e-01,3.909451631387360071e-01,3.994662043631247439e-01,2.485881220593273433e-01,6.257780354764255204e-01,2.904315038204751676e-01,3.285801698888203282e-01,2.539728941171114918e-01,7.108051464817806142e-01,6.303427694614245347e-01,2.406175584011635282e-01,5.168578002208908950e-01,7.318125251987633861e-01,0.000000000000000000e+00,2.530159823157737131e-01,3.086368534923175644e-01,1.472553595139691196e-01,6.662603438913946574e-01
0.000000000000000000e+00,0.000000000000000000e+00,2.707118261820919414e-01,0.000000000000000000e+00,2.663693290674134517e-01,0.000000000000000000e+00,0.000000000000000000e+00,3.148428665067360410e-01,2.727733519456856381e-01,3.569227187483535180e-01,3.116796707896168361e-01,4.444694070321936197e-01,5.434479320428282634e-01,2.883504385819952165e-01,2.753973565835887150e-01,1.398661184994520468e-01,1.221275144770159748e-01,0.000000000000000000e+00,0.000000000000000000e+00,0.000000000000000000e+00,4.558939624610791608e-01,3.703642636265091492e-01,3.215797024611489752e-01,2.324080832277101993e-01,2.441916921148795105e-01,2.109708251772564325e-01,0.000000000000000000e+00,7.970834118915215427e-02,2.588392848655413636e-01,2.187551055002186773e-01,4.556875105308658691e-01,3.696838824721241923e-01,3.165242446883603789e-01,2.386954741314817607e-01,0.000000000000000000e+00,0.000000000000000000e+00,4.026174946794305320e-01,3.907222489563243473e-01,2.282625717655033526e-01,0.000000000000000000e+00,2.663646002792980916e-01,2.402122933499661328e-01,1.792511072285737639e-01,4.815453392851183345e-01,0.000000000000000000e+00,4.546921572051897953e-01,0.000000000000000000e+00,1.908704571943416750e-01,3.030643241046956926e-01,5.031009931717373984e-01,2.633721639995427743e-01,5.439782492333562480e-01,0.000000000000000000e+00,0.000000000000000000e+00,8.992140582152104156e-02,0.000000000000000000e+00,0.000000000000000000e+00,0.000000000000000000e+00,0.000000000000000000e+00,3.865086923523219364e-01,0.000000000000000000e+00,0.000000000000000000e+00,1.394492203667016261e-01,0.000000000000000000e+00,0.000000000000000000e+00,0.000000000000000000e+00,0.000000000000000000e+00,1.071476135904414762e-01,0.000000000000000000e+00,0.000000000000000000e+00,4.967929867539303546e-01,3.774859377076805744e-01,2.546391884413565232e-01,2.157717667631945113e-01,2.240429025335037294e-01,2.112675861907363228e-01,1.883114578619122514e-01,3.436302188779964406e-01,8.116577831363917805e-02,0.000000000000000000e+00,0.000000000000000000e+00,0.000000000000000000e+00,0.000000000000000000e+00,7.863821275036150804e-02,0.000000000000000000e+00,3.017162998297985843e-01,0.000000000000000000e+00,1.414157234095691495e-01,3.591961433290527528e-01,0.000000000000000000e+00
0.000000000000000000e+00,7.649418879735980781e-02,7.415449072394277863e-01,6.529647971119753036e-01,5.072628544745330093e-01,9.056558060907919649e-02,3.148428665067360410e-01,0.000000000000000000e+00,6.623673966398220259e-01,5.922938773034828186e-01,3.142606169605084987e-01,3.146610379656142320e-01,6.839117946581316776e-01,1.922615424229505432e-01,5.557826634232502228e-01,2.496222688472230500e-01,0.000000000000000000e+00,0.000000000000000000e+00,2.695795761382949740e-01,3.326085301760510760e-01,4.391661404661063584e-01,2.948375955585231800e-01,7.448352564114192331e-01,7.490436431555148600e-01,1.015564902212570675e-01,4.992130423973768494e-01,8.771600374648816367e-02,3.125188403472848320e-01,9.550843966478309022e-02,2.709531962403263217e-01,7.772570228245854196e-01,8.049030191705006665e-01,4.766697779098811316e-01,4.707421192862795700e-01,0.000000000000000000e+00,0.000000000000000000e+00,3.777986038365298005e-01,4.767163221547530139e-01,2.210641626126638171e-01,0.000000000000000000e+00,4.448933697334286341e-01,3.749326586357247248e-01,0.000000000000000000e+00,3.487955560053366266e-01,1.495044856955072832e-01,1.111342186924660497e-01,0.000000000000000000e+00,0.000000000000000000e+00,2.098386859420901251e-01,1.802985196134009593e-01,1.789901675759228150e-01,2.653865024045790610e-01,0.000000000000000000e+00,0.000000000000000000e+00,0.000000000000000000e+00,0.000000000000000000e+00,0.000000000000000000e+00,0.000000000000000000e+00,0.000000000000000000e+00,4.114240745556722034e-01,1.019171910389333330e-01,0.000000000000000000e+00,0.000000000000000000e+00,0.000000000000000000e+00,0.000000000000000000e+00,0.000000000000000000e+00,0.000000000000000000e+00,0.000000000000000000e+00,0.000000000000000000e+00,0.000000000000000000e+00,6.596507955018966474e-01,7.673390400755697449e-01,5.006563221404527475e-01,4.707331407813902246e-01,4.789850664251030232e-01,4.884605224032059212e-01,2.655938020435185121e-01,4.372616754417895102e-01,0.000000000000000000e+00,0.000000000000000000e+00,0.000000000000000000e+00,0.000000000000000000e+00,0.000000000000000000e+00,3.768499901252646556e-01,0.000000000000000000e+00,0.000000000000000000e+00,0.000000000000000000e+00,2.173860533164905517e-01,3.741090400067911825e-01,0.000000000000000000e+00
0.000000000000000000e+00,0.000000000000000000e+00,6.241519133968006505e-01,3.685316746164962187e-01,5.557371107028016288e-01,1.497112176208360290e-01,2.727733519456856381e-01,6.623673966398220259e-01,0.000000000000000000e+00,7.930387128610145719e-01,3.805453003095781161e-01,0.000000000000000000e+00,7.551438193614351535e-01,1.423617430749426205e-01,4.774352628183322067e-01,3.912335635150483437e-01,0.000000000000000000e+00,0.000000000000000000e+00,7.178599709495377124e-02,2.238549689694607492e-01,3.490679035333252855e-01,3.047971335853991715e-01,5.502558996234454547e-01,5.470054181140195926e-01,2.439283035943890787e-01,7.176986922232080346e-01,0.000000000000000000e+00,2.309738101446983383e-01,0.000000000000000000e+00,2.307604357443530929e-01,7.752383551193926525e-01,8.269913946519695802e-01,3.436182361882302305e-01,2.649349319642240186e-01,0.000000000000000000e+00,0.000000000000000000e+00,3.736287123988630277e-01,5.411190006549266851e-01,2.923623429479478841e-01,0.000000000000000000e+00,5.506704923932734808e-01,4.067749812896052086e-01,0.000000000000000000e+00,2.041152207867322210e-01,2.338083727963930769e-01,0.000000000000000000e+00,0.000000000000000000e+00,0.000000000000000000e+00,8.183427005201460158e-02,0.000000000000000000e+00,0.000000000000000000e+00,9.312968789682278536e-02,0.000000000000000000e+00,0.000000000000000000e+00,0.000000000000000000e+00,0.000000000000000000e+00,0.000000000000000000e+00,0.000000000000000000e+00,0.000000000000000000e+00,1.492315240379977759e-01,0.000000000000000000e+00,0.000000000000000000e+00,0.000000000000000000e+00,0.000000000000000000e+00,0.000000000000000000e+00,0.000000000000000000e+00,0.000000000000000000e+00,0.000000000000000000e+00,0.000000000000000000e+00,0.000000000000000000e+00,6.083998923292406324e-01,7.872996492265398327e-01,5.822144804632231052e-01,4.952607321413797781e-01,5.658540909757536763e-01,5.650062011691951991e-01,2.727467938268883230e-01,4.116824075441679054e-01,0.000000000000000000e+00,0.000000000000000000e+00,0.000000000000000000e+00,0.000000000000000000e+00,0.000000000000000000e+00,3.750701433761034487e-01,0.000000000000000000e+00,0.000000000000000000e+00,0.000000000000000000e+00,1.914887126233946191e-01,2.903660914416636984e-01,0.000000000000000000e+00
0.000000000000000000e+00,0.000000000000000000e+00,4.900079877185695154e-01,1.434965756059649600e-01,4.357698596760467558e-01,0.000000000000000000e+00,3.569227187483535180e-01,5.922938773034828186e-01,7.930387128610145719e-01,0.000000000000000000e+00,1.886798893282592426e-01,0.000000000000000000e+00,7.216394045715279759e-01,9.837760253780512831e-02,3.812098439295186214e-01,3.754591206455793473e-01,0.000000000000000000e+00,0.000000000000000000e+00,0.000000000000000000e+00,0.000000000000000000e+00,3.671860463479319492e-01,2.163701003172386894e-01,5.586459886377866946e-01,4.783765213397082605e-01,1.390556497472763553e-01,5.837630327827580956e-01,0.000000000000000000e+00,0.000000000000000000e+00,0.000000000000000000e+00,1.546837657193876892e-01,7.319028826345844729e-01,7.929193415901173436e-01,2.359667432229392847e-01,1.130059367475221982e-01,0.000000000000000000e+00,0.000000000000000000e+00,3.391806142021790427e-01,6.823766680541788476e-01,2.585745467837671230e-01,0.000000000000000000e+00,4.682581562734430825e-01,4.300197044060686258e-01,0.000000000000000000e+00,3.043128381319172848e-01,0.000000000000000000e+00,8.843349633620362082e-02,0.000000000000000000e+00,0.000000000000000000e+00,0.000000000000000000e+00,1.046916733344792627e-01,0.000000000000000000e+00,2.016962692676206315e-01,0.000000000000000000e+00,0.000000000000000000e+00,0.000000000000000000e+00,0.000000000000000000e+00,0.000000000000000000e+00,0.000000000000000000e+00,0.000000000000000000e+00,1.965156239888980194e-01,0.000000000000000000e+00,0.000000000000000000e+00,0.000000000000000000e+00,0.000000000000000000e+00,0.000000000000000000e+00,0.000000000000000000e+00,0.000000000000000000e+00,0.000000000000000000e+00,0.000000000000000000e+00,0.000000000000000000e+00,5.113405974847370361e-01,7.053677059507069691e-01,4.026640130549277719e-01,4.050547294839180745e-01,4.319107959165313093e-01,4.772595759152162831e-01,8.011916184193206003e-02,3.257541945569839559e-01,0.000000000000000000e+00,0.000000000000000000e+00,0.000000000000000000e+00,0.000000000000000000e+00,0.000000000000000000e+00,0.000000000000000000e+00,0.000000000000000000e+00,0.000000000000000000e+00,0.000000000000000000e+00,0.000000000000000000e+00,2.047279922744495995e-01,0.000000000000000000e+00
4.020146642114911795e-01,3.468422635705020740e-01,3.276884750956821635e-01,3.625241569406405517e-01,0.000000000000000000e+00,4.858266753264689486e-01,3.116796707896168361e-01,3.142606169605084987e-01,3.805453003095781161e-01,1.886798893282592426e-01,0.000000000000000000e+00,4.521240994249621781e-01,5.036616344080492302e-01,6.006251685984914657e-01,0.000000000000000000e+00,5.189402256917305944e-01,2.605308420812352255e-01,2.427561864657318547e-01,3.032357133820994255e-01,4.489628157212288695e-01,0.000000000000000000e+00,3.614839985111160670e-01,7.671025629901501164e-02,2.746395088067544177e-01,4.025776550725508884e-01,4.666731482710750334e-01,1.640733192901501214e-01,8.559895051682321621e-02,4.361004899604415952e-01,4.860543827170009101e-01,4.253043587759344768e-01,3.746739265761532822e-01,5.241964990756461384e-01,5.630480185749596744e-01,4.443975873658051468e-01,3.586373366449563949e-01,3.010233179918187507e-01,1.109504149425927788e-01,2.689177662695564908e-01,1.429274017707933830e-01,4.543517834722159976e-01,2.054079349207193483e-01,3.814079654918494655e-01,0.000000000000000000e+00,5.941377070376206992e-01,0.000000000000000000e+00,2.356170882382174758e-01,6.683315754877763859e-02,3.545638767163974414e-01,0.000000000000000000e+00,3.362244773202632819e-01,0.000000000000000000e+00,8.954157753831283595e-02,1.694551483224842892e-01,0.000000000000000000e+00,0.000000000000000000e+00,3.791161850020947077e-01,1.604855535555839707e-01,2.303511540843466154e-01,0.000000000000000000e+00,5.149059111535808642e-01,2.537902760035831706e-01,0.000000000000000000e+00,3.253136424580505004e-01,4.116867054641416002e-01,1.676237651563489139e-01,4.093669831140547277e-01,3.188719590538302007e-01,3.803474630987253580e-01,3.488038372574166490e-01,5.671195372039330440e-01,4.425568445736121626e-01,5.390689012813244529e-01,4.846405574301467234e-01,5.236879083339419649e-01,4.007886531553714882e-01,5.664612735678496991e-01,3.913238052037831260e-01,1.997139516799574799e-01,1.402521187419920323e-01,3.703381435894107510e-01,3.246024706875589860e-01,8.513507760467438346e-02,4.947055250291779172e-01,4.153854753457240090e-01,0.000000000000000000e+00,0.000000000000000000e+00,3.185574760506788561e-01,2.231292393255260853e-01,3.248518102311155897e-01
4.317173260352413222e-01,4.274262812858059535e-01,9.283148118095393975e-02,2.725886378861374082e-01,0.000000000000000000e+00,3.471068545371799874e-01,4.444694070321936197e-01,3.146610379656142320e-01,0.000000000000000000e+00,0.000000000000000000e+00,4.521240994249621781e-01,0.000000000000000000e+00,3.087743351487585164e-01,7.152868790387989506e-01,9.029273114281775869e-02,3.210416828750666252e-01,3.911611655362285389e-01,4.927261548701835636e-01,2.223160950193452945e-01,2.464490273046906765e-01,8.644693359244835784e-02,2.569264044312581929e-01,0.000000000000000000e+00,2.893738713271797325e-01,2.703871116959131737e-01,1.574524658971838131e-01,1.310163718759331242e-01,1.000462114659204510e-01,5.202785925213934126e-01,4.295958542744391373e-01,2.887058807655171755e-01,2.016315412098399762e-01,4.344910573871833548e-01,5.284421267953656187e-01,4.840867961013965992e-01,3.467370878117630451e-01,2.890836369342522638e-01,0.000000000000000000e+00,2.272837493376472784e-01,1.621903710237099505e-01,2.139310763797854509e-01,7.539046654523072488e-02,4.216542848052741710e-01,2.159911512225496100e-01,3.442876603944874381e-01,1.428861589241693097e-01,2.258559346141479351e-01,2.265226307128551941e-01,5.171286159588042164e-01,3.004346838862776425e-01,5.889345008811274207e-01,2.658140949878478598e-01,2.599293236854917644e-01,2.455941367009561171e-01,1.833963454045736963e-01,1.861990128466388394e-01,3.372084579638621737e-01,3.390416397345703547e-01,2.877015808206964120e-01,2.768383593948494648e-01,4.834902179951877099e-01,4.222632191218431141e-01,2.484316116694252341e-01,3.956644746269585844e-01,4.821787643283145797e-01,4.092712009356064273e-01,4.433361927725082974e-01,4.977640605673959162e-01,2.973977710688354148e-01,4.193323950687129487e-01,4.662469087957767933e-01,2.688371140545030569e-01,3.311909028016840617e-01,3.192040088477082205e-01,2.496181176723431816e-01,1.697204471718953556e-01,4.537478318773678909e-01,3.744161523391035806e-01,1.887896308458831274e-01,1.719157749698729531e-01,3.572748229480845472e-01,4.438618703474085381e-01,2.127225858952167814e-01,2.556339241816623087e-01,5.090681777241511385e-01,3.463236226070905976e-01,2.329940619066855900e-01,2.677100070408984234e-01,2.186268409473850760e-01,3.527516880307273728e-01
0.000000000000000000e+00,0.000000000000000000e+00,6.142512775202205733e-01,2.642718529119885140e-01,5.074845882117023921e-01,0.000000000000000000e+00,5.434479320428282634e-01,6.839117946581316776e-01,7.551438193614351535e-01,7.216394045715279759e-01,5.036616344080492302e-01,3.087743351487585164e-01,0.000000000000000000e+00,2.894897388274700334e-01,4.705058582754916841e-01,3.174502295374857508e-01,0.000000000000000000e+00,0.000000000000000000e+00,0.000000000000000000e+00,1.257220263772007296e-01,4.411794563178554340e-01,3.058430649721383676e-01,6.120771696855716870e-01,5.412864637846446225e-01,1.606429401084726316e-01,5.257779912821359813e-01,0.000000000000000000e+00,1.585844275638519651e-01,1.306134721392133990e-01,2.863925236151428910e-01,8.027335000363190476e-01,8.323807496787755111e-01,4.247719320178496849e-01,3.176016101178865125e-01,0.000000000000000000e+00,0.000000000000000000e+00,4.118357101040460155e-01,5.477404887822762136e-01,3.010382657297538955e-01,0.000000000000000000e+00,5.126625154174374588e-01,3.765445366425900220e-01,0.000000000000000000e+00,3.360287932331674221e-01,1.635545083182517179e-01,1.383646323120363841e-01,0.000000000000000000e+00,0.000000000000000000e+00,0.000000000000000000e+00,1.247056750784327900e-01,0.000000000000000000e+00,2.012334916301667942e-01,0.000000000000000000e+00,0.000000000000000000e+00,0.000000000000000000e+00,0.000000000000000000e+00,0.000000000000000000e+00,0.000000000000000000e+00,0.000000000000000000e+00,2.466263937192757216e-01,0.000000000000000000e+00,0.000000000000000000e+00,0.000000000000000000e+00,0.000000000000000000e+00,0.000000000000000000e+00,0.000000000000000000e+00,0.000000000000000000e+00,0.000000000000000000e+00,0.000000000000000000e+00,0.000000000000000000e+00,7.289489774463622229e-01,8.044254938114517861e-01,5.772829998988616707e-01,5.019976715451198723e-01,5.263872053134431850e-01,5.880808281121031600e-01,2.604729469370100636e-01,4.640184306445205853e-01,0.000000000000000000e+00,0.000000000000000000e+00,0.000000000000000000e+00,0.000000000000000000e+00,0.000000000000000000e+00,3.018099950952177757e-01,0.000000000000000000e+00,0.000000000000000000e+00,0.000000000000000000e+00,2.092981986374032877e-01,3.664394946973087430e-01,0.000000000000000000e+00
5.230475509594403327e-01,4.315499595279293499e-01,0.000000000000000000e+00,2.577224427682589525e-01,0.000000000000000000e+00,5.374114056579056831e-01,2.883504385819952165e-01,1.922615424229505432e-01,1.423617430749426205e-01,9.837760253780512831e-02,6.006251685984914657e-01,7.152868790387989506e-01,2.894897388274700334e-01,0.000000000000000000e+00,0.000000000000000000e+00,6.809285050456975741e-01,4.265586906692278579e-01,5.649644424618958105e-01,2.687117382721669889e-01,3.656827774106877205e-01,0.000000000000000000e+00,3.286726275514778028e-01,0.000000000000000000e+00,1.659561627338688727e-01,4.166033258375679282e-01,3.325562586897622963e-01,1.406135633581307998e-01,0.000000000000000000e+00,5.967143529861184126e-01,5.748475536457601232e-01,2.675803144485736640e-01,2.110501776702131960e-01,3.901896166315246828e-01,5.420147977228340075e-01,6.427761131193354682e-01,5.124217087825856387e-01,3.823479800554991925e-01,0.000000000000000000e+00,2.214959978461727153e-01,1.626166970227831687e-01,3.667957873335889740e-01,1.326002192828880655e-01,4.698362290866475721e-01,0.000000000000000000e+00,6.246371922613551675e-01,0.000000000000000000e+00,3.124952897404483232e-01,1.191275602857492510e-01,4.850088247887904824e-01,7.248751488214653926e-02,5.320184725445475937e-01,0.000000000000000000e+00,3.391615891133772376e-01,3.787818858727950433e-01,1.382400186094626671e-01,2.518022860884522318e-01,5.188447905160076257e-01,3.508837962296126878e-01,4.550770970557443396e-01,0.000000000000000000e+00,6.366993984390451056e-01,4.509686649833314909e-01,0.000000000000000000e+00,5.033040311704958247e-01,6.145948019535990570e-01,3.864683049329774578e-01,5.959150031774771428e-01,4.981113902471930865e-01,4.514230451915079434e-01,4.782988263220711023e-01,4.312352173493670948e-01,3.075318453633547056e-01,4.637222836392788650e-01,5.489717828540786604e-01,4.603723211624809464e-01,3.746934957197126104e-01,6.809618810791637777e-01,4.837187685315641472e-01,3.031586352469184398e-01,2.925865654078576017e-01,5.746984381849364887e-01,6.521383022831404030e-01,1.198598906136878334e-01,4.416704976599400423e-01,6.164074745689095414e-01,1.622525993821865853e-01,2.033511500846775233e-01,3.699986605849743260e-01,1.788649340801108933e-01,5.061364282762067512e-01
0.000000000000000000e+00,0.000000000000000000e+00,4.620772962166365128e-01,2.140057631945836147e-01,6.828538402570435428e-01,0.000000000000000000e+00,2.753973565835887150e-01,5.557826634232502228e-01,4.774352628183322067e-01,3.812098439295186214e-01,0.000000000000000000e+00,9.029273114281775869e-02,4.705058582754916841e-01,0.000000000000000000e+00,0.000000000000000000e+00,0.000000000000000000e+00,0.000000000000000000e+00,0.000000000000000000e+00,0.000000000000000000e+00,0.000000000000000000e+00,5.495232732059666114e-01,2.757729820440004143e-01,6.556106508462298255e-01,4.726532120508986634e-01,8.841217302566387048e-02,2.716725790514575301e-01,1.506048912414144625e-01,3.874563367296092187e-01,6.888555583661296056e-02,0.000000000000000000e+00,5.838654689487142724e-01,5.578647122994551122e-01,1.516943638715536613e-01,6.885848683703693629e-02,0.000000000000000000e+00,0.000000000000000000e+00,2.386536666603240875e-01,3.500766037134847575e-01,1.339218622847107576e-01,0.000000000000000000e+00,3.220186319870821379e-01,2.971991267173773599e-01,0.000000000000000000e+00,3.613807764507143694e-01,0.000000000000000000e+00,2.384890967531479167e-01,0.000000000000000000e+00,0.000000000000000000e+00,0.000000000000000000e+00,2.226383124144832304e-01,0.000000000000000000e+00,3.366456676260958236e-01,0.000000000000000000e+00,0.000000000000000000e+00,0.000000000000000000e+00,0.000000000000000000e+00,0.000000000000000000e+00,0.000000000000000000e+00,0.000000000000000000e+00,3.785797171503131331e-01,0.000000000000000000e+00,0.000000000000000000e+00,0.000000000000000000e+00,0.000000000000000000e+00,0.000000000000000000e+00,0.000000000000000000e+00,0.000000000000000000e+00,0.000000000000000000e+00,0.000000000000000000e+00,0.000000000000000000e+00,4.788774723575170977e-01,5.542529258872989084e-01,2.954355370487872778e-01,1.890292111524762286e-01,2.446034659843374093e-01,3.316580046202495802e-01,7.171197331036209544e-02,2.988603285580950231e-01,0.000000000000000000e+00,0.000000000000000000e+00,0.000000000000000000e+00,0.000000000000000000e+00,9.096275170231020446e-02,2.418976063621145756e-01,0.000000000000000000e+00,1.585463002923049314e-01,0.000000000000000000e+00,2.476900748376565653e-01,4.099177926240917258e-01,0.000000000000000000e+00
4.251347525753366718e-01,3.200040232837066401e-01,2.503324039523796007e-01,3.317549340795579171e-01,0.000000000000000000e+00,5.261048549822834319e-01,1.398661184994520468e-01,2.496222688472230500e-01,3.912335635150483437e-01,3.754591206455793473e-01,5.189402256917305944e-01,3.210416828750666252e-01,3.174502295374857508e-01,6.809285050456975741e-01,0.000000000000000000e+00,0.000000000000000000e+00,2.395993455193090593e-01,2.802046950268053394e-01,3.028355295417218818e-01,4.522285453034988190e-01,0.000000000000000000e+00,3.663091175117287879e-01,0.000000000000000000e+00,2.608768948480080785e-01,5.062587203380992662e-01,6.424117134639658611e-01,1.096066469034600727e-01,0.000000000000000000e+00,4.134920678832584295e-01,5.870635406241673238e-01,3.851132551677653448e-01,3.733848919635956443e-01,4.156732666437829571e-01,5.377455734553207023e-01,4.516013117073354177e-01,3.692139281433958198e-01,5.469927478395106846e-01,2.761482107085952986e-01,3.194474669296361036e-01,1.650499605114253976e-01,5.580314116450915130e-01,3.206135512031482171e-01,3.597327157642896123e-01,0.000000000000000000e+00,6.141484728083641542e-01,0.000000000000000000e+00,3.132016050439787036e-01,1.293576220965130530e-01,2.989048745622924774e-01,0.000000000000000000e+00,2.183246622247477509e-01,0.000000000000000000e+00,1.582986091252884531e-01,2.169634056570337033e-01,7.753395214548902681e-02,1.395346006730355248e-01,4.207412669914222803e-01,1.414580206228542580e-01,3.306860974158937760e-01,0.000000000000000000e+00,5.891260056048900351e-01,3.019990441637278034e-01,0.000000000000000000e+00,3.609441623266699817e-01,4.859076021592493855e-01,1.636348847282782237e-01,4.618595956449469964e-01,3.276323671004305882e-01,4.098568820330878437e-01,3.803160725095983130e-01,3.878732172280647261e-01,4.280803249463551730e-01,5.164265243276497941e-01,6.484477315497905181e-01,5.937338498941383547e-01,5.378830293627677728e-01,6.742653315040718631e-01,5.342251484499533909e-01,1.974745575487881211e-01,2.486172595822853937e-01,4.826047205423119602e-01,5.076082171791058695e-01,0.000000000000000000e+00,4.379767497189482328e-01,4.113328484543565811e-01,0.000000000000000000e+00,0.000000000000000000e+00,2.858485224538354630e-01,2.443913282444056811e-01,3.970599382160909241e-01
6.214810858345799494e-01,5.438554424308351676e-01,0.000000000000000000e+00,1.559328746733709414e-01,0.000000000000000000e+00,4.602205317859541234e-01,1.221275144770159748e-01,0.000000000000000000e+00,0.000000000000000000e+00,0.000000000000000000e+00,2.605308420812352255e-01,3.911611655362285389e-01,0.000000000000000000e+00,4.265586906692278579e-01,0.000000000000000000e+00,2.395993455193090593e-01,0.000000000000000000e+00,7.615711466699294219e-01,3.637218698405788042e-01,3.806028653623431124e-01,0.000000000000000000e+00,1.207406490451617131e-01,0.000000000000000000e+00,0.000000000000000000e+00,2.707046909378599819e-01,0.000000000000000000e+00,3.435463107039497532e-01,1.701243588629196002e-01,5.369465689578947210e-01,1.842966489935741470e-01,0.000000000000000000e+00,0.000000000000000000e+00,1.592296861523965490e-01,3.475595966799361891e-01,6.360727229261291527e-01,4.911385783367366309e-01,0.000000000000000000e+00,0.000000000000000000e+00,1.304710895473367716e-01,1.715395862345218958e-01,0.000000000000000000e+00,0.000000000000000000e+00,3.460691839564382644e-01,0.000000000000000000e+00,4.050497621541911397e-01,0.000000000000000000e+00,4.821250899295450032e-01,3.439994807495986295e-01,4.929068187075383856e-01,2.422594191249864137e-01,4.802787517472167367e-01,7.879283948346202382e-02,5.927963425371528539e-01,5.762205057920871676e-01,3.963850757774573519e-01,5.183571595191113213e-01,6.150133859886506293e-01,6.084347189178401782e-01,5.661969014553196455e-01,0.000000000000000000e+00,4.900385936907182272e-01,5.744372080188524521e-01,5.162588595138276615e-01,6.738916440211247805e-01,6.381377649898928306e-01,5.767825677020825825e-01,6.234439476138634584e-01,5.568666202626566530e-01,4.876675028126540856e-01,5.644736760659239128e-01,9.316711466353887194e-02,0.000000000000000000e+00,2.275849860537643710e-01,1.793695764408357041e-01,1.548075119937850908e-01,0.000000000000000000e+00,4.254002576030729843e-01,1.840166808344292637e-01,4.941673569587836656e-01,3.148153370504551130e-01,6.919464868349081144e-01,7.058992013699586510e-01,1.956402445493771458e-01,2.634664643272853213e-01,5.634985951036873830e-01,1.675550081742428477e-01,2.756740142477281386e-01,2.155539262746498930e-01,0.000000000000000000e+00,4.708326606914501333e-01
